1.62495, 2.13307, 2.77521, 3.56382, 4.50333, 5.58859, 6.80475, 8.12848, 9.53022, 10.9769, 12.4348, 13.872, 15.26, 16.5752, 17.7991, 18.9185, 19.9252, 20.8153, 21.5886, 22.2477, 22.7975, 23.2444, 23.5958, 23.8598, 24.0446, 24.1584, 24.2091, 24.2042, 24.1507, 24.0551, 23.9233, 23.7607, 23.5719, 23.3612, 23.1324, 22.8888, 22.6332, 22.3682, 22.0958, 21.8181, 21.5365, 21.2524, 20.9671, 20.6814, 20.3962, 20.1123, 19.8301, 19.5502, 19.2729, 18.9986
1.64754, 2.16213, 2.81226, 3.61046, 4.56111, 5.6589, 6.88872, 8.22687, 9.64339, 11.1048, 12.577, 14.0277, 15.4282, 16.7545, 17.9881, 19.1158, 20.1293, 21.0248, 21.8021, 22.4638, 23.0151, 23.4624, 23.8133, 24.076, 24.2588, 24.3699, 24.4175, 24.4091, 24.3518, 24.2521, 24.1161, 23.949, 23.7557, 23.5404, 23.307, 23.0588, 22.7986, 22.5291, 22.2523, 21.9701, 21.6842, 21.396, 21.1065, 20.8168, 20.5278, 20.24, 19.9541, 19.6706, 19.3898, 19.1121
1.67115, 2.19249, 2.85096, 3.65915, 4.6214, 5.73223, 6.97624, 8.32938, 9.76124, 11.2379, 12.725, 14.1896, 15.6029, 16.9408, 18.1845, 19.3207, 20.3412, 21.2421, 22.0234, 22.6879, 23.2406, 23.6883, 24.0386, 24.2998, 24.4805, 24.5889, 24.6332, 24.6211, 24.5597, 24.4558, 24.3152, 24.1435, 23.9455, 23.7255, 23.4873, 23.2342, 22.9693, 22.6951, 22.4136, 22.1269, 21.8366, 21.5439, 21.2502, 20.9563, 20.6632, 20.3715, 20.0818, 19.7946, 19.5102, 19.229
1.69587, 2.22425, 2.89141, 3.71002, 4.68435, 5.80876, 7.06754, 8.43625, 9.88406, 11.3766, 12.879, 14.3581, 15.7848, 17.1345, 18.3886, 19.5336, 20.5612, 21.4677, 22.2531, 22.9203, 23.4745, 23.9225, 24.2721, 24.5318, 24.7101, 24.8155, 24.8564, 24.8404, 24.7748, 24.6664, 24.5211, 24.3446, 24.1416, 23.9166, 23.6734, 23.4154, 23.1455, 22.8664, 22.5801, 22.2887, 21.9937, 21.6965, 21.3983, 21.1001, 20.8028, 20.507, 20.2133, 19.9222, 19.6341, 19.3492
1.72177, 2.2575, 2.93374, 3.76321, 4.75014, 5.88869, 7.16285, 8.54776, 10.0121, 11.5212, 13.0395, 14.5336, 15.974, 17.3361, 18.6008, 19.7549, 20.7899, 21.7021, 22.4916, 23.1615, 23.7171, 24.1653, 24.5142, 24.7721, 24.948, 25.0503, 25.0875, 25.0674, 24.9974, 24.8842, 24.7341, 24.5524, 24.3443, 24.1141, 23.8657, 23.6025, 23.3275, 23.0432, 22.7519, 22.4555, 22.1557, 21.8538, 21.551, 21.2484, 20.9467, 20.6466, 20.3488, 20.0537, 19.7616, 19.473
1.74892, 2.29234, 2.97806, 3.81887, 4.81894, 5.97224, 7.26242, 8.6642, 10.1458, 11.6719, 13.2068, 14.7165, 16.1711, 17.5459, 18.8217, 19.9851, 21.0276, 21.9457, 22.7394, 23.4121, 23.969, 24.4174, 24.7653, 25.0214, 25.1946, 25.2936, 25.3269, 25.3025, 25.2278, 25.1097, 24.9544, 24.7674, 24.5539, 24.3183, 24.0644, 23.7958, 23.5154, 23.2258, 22.9293, 22.6278, 22.3229, 22.0161, 21.7085, 21.4012, 21.095, 20.7905, 20.4884, 20.1891, 19.8931, 19.6005
1.77741, 2.32888, 3.02451, 3.87718, 4.89098, 6.05966, 7.36653, 8.78588, 10.2854, 11.8293, 13.3813, 14.9072, 16.3766, 17.7645, 19.0518, 20.2247, 21.2749, 22.199, 22.997, 23.6724, 24.2307, 24.6791, 25.0259, 25.28, 25.4504, 25.5459, 25.5751, 25.5461, 25.4665, 25.3432, 25.1824, 24.99, 24.7708, 24.5295, 24.2699, 23.9956, 23.7096, 23.4145, 23.1125, 22.8056, 22.4956, 22.1836, 21.8711, 21.5589, 21.2479, 20.9389, 20.6323, 20.3287, 20.0285, 19.7319
1.80735, 2.36725, 3.07325, 3.93831, 4.96646, 6.1512, 7.4755, 8.91315, 10.4314, 11.9938, 13.5636, 15.1062, 16.5909, 17.9925, 19.2915, 20.4742, 21.5325, 22.4626, 23.265, 23.9431, 24.5026, 24.951, 25.2966, 25.5485, 25.7159, 25.8076, 25.8325, 25.7987, 25.7139, 25.5851, 25.4186, 25.2203, 24.9952, 24.748, 24.4824, 24.2022, 23.9103, 23.6094, 23.3018, 22.9894, 22.6738, 22.3566, 22.0389, 21.7216, 21.4058, 21.0919, 20.7808, 20.4727, 20.1681, 19.8673
1.83884, 2.40757, 3.12444, 4.00248, 5.04562, 6.24715, 7.58963, 9.04638, 10.584, 12.1657, 13.7541, 15.3141, 16.8146, 18.2303, 19.5414, 20.7344, 21.8008, 22.7371, 23.5439, 24.2247, 24.7855, 25.2337, 25.5779, 25.8274, 25.9915, 26.0792, 26.0995, 26.0606, 25.9703, 25.8358, 25.6634, 25.4589, 25.2277, 24.9741, 24.7024, 24.416, 24.118, 23.811, 23.4975, 23.1792, 22.858, 22.5352, 22.2121, 21.8896, 21.5686, 21.2499, 20.9339, 20.6211, 20.312, 20.0069
1.87201, 2.45, 3.17827, 4.0699, 5.12874, 6.34783, 7.70931, 9.18598, 10.7439, 12.3457, 13.9533, 15.5313, 17.0484, 18.4786, 19.8023, 21.0057, 22.0805, 23.0232, 23.8345, 24.518, 25.0798, 25.5277, 25.8704, 26.1173, 26.2778, 26.3613, 26.3767, 26.3324, 26.2364, 26.0957, 25.9171, 25.7062, 25.4684, 25.2084, 24.9301, 24.6372, 24.3328, 24.0196, 23.6998, 23.3755, 23.0483, 22.7198, 22.391, 22.0631, 21.7368, 21.4129, 21.0919, 20.7743, 20.4605, 20.1508
1.90697, 2.4947, 3.23493, 4.14081, 5.21611, 6.45357, 7.83492, 9.33241, 10.9115, 12.5342, 14.1619, 15.7587, 17.2928, 18.7381, 20.0748, 21.289, 22.3723, 23.3215, 24.1373, 24.8234, 25.3863, 25.8337, 26.1747, 26.4188, 26.5755, 26.6544, 26.6646, 26.6147, 26.5125, 26.3655, 26.1802, 25.9626, 25.718, 25.4511, 25.166, 24.8663, 24.5552, 24.2354, 23.9091, 23.5785, 23.2451, 22.9106, 22.5759, 22.2423, 21.9105, 21.5812, 21.255, 20.9324, 20.6137, 20.2993
1.94389, 2.54186, 3.29465, 4.21549, 5.30804, 6.56475, 7.96689, 9.48615, 11.0874, 12.7318, 14.3805, 15.9967, 17.5486, 19.0096, 20.3597, 21.5849, 22.6771, 23.6329, 24.4532, 25.142, 25.7057, 26.1525, 26.4916, 26.7325, 26.8852, 26.9592, 26.9639, 26.9079, 26.7993, 26.6455, 26.4533, 26.2286, 25.9768, 25.7027, 25.4104, 25.1036, 24.7855, 24.4588, 24.1258, 23.7885, 23.4487, 23.1078, 22.7671, 22.4275, 22.0899, 21.755, 21.4234, 21.0956, 20.7718, 20.4525
1.98292, 2.59166, 3.35767, 4.29424, 5.40489, 6.68178, 8.10571, 9.64774, 11.2721, 12.9393, 14.6097, 16.2463, 17.8165, 19.2937, 20.6577, 21.8944, 22.9956, 23.9581, 24.7829, 25.4743, 26.0388, 26.4848, 26.8217, 27.0592, 27.2075, 27.2764, 27.2751, 27.2127, 27.0973, 26.9364, 26.7368, 26.5046, 26.2453, 25.9636, 25.6638, 25.3496, 25.0241, 24.6902, 24.3501, 24.0059, 23.6594, 23.3119, 22.9648, 22.619, 22.2754, 21.9347, 21.5974, 21.2641, 20.9351, 20.6106
2.02424, 2.64434, 3.42427, 4.37737, 5.50705, 6.80513, 8.2519, 9.81778, 11.4662, 13.1572, 14.8504, 16.5081, 18.0974, 19.5915, 20.9697, 22.2182, 23.3287, 24.298, 25.1274, 25.8213, 26.3864, 26.8314, 27.1658, 27.3997, 27.5433, 27.6065, 27.599, 27.5298, 27.4071, 27.2387, 27.0314, 26.7913, 26.524, 26.2344, 25.9267, 25.6047, 25.2715, 24.93, 24.5825, 24.2311, 23.8775, 23.5232, 23.1694, 22.8171, 22.4672, 22.1204, 21.7773, 21.4383, 21.1037, 20.774
2.06805, 2.70014, 3.49474, 4.46525, 5.61496, 6.9353, 8.40603, 9.99691, 11.6707, 13.3865, 15.1033, 16.7831, 18.3923, 19.9038, 21.2969, 22.5574, 23.6774, 24.6537, 25.4877, 26.1839, 26.7495, 27.1932, 27.5249, 27.7547, 27.8932, 27.9505, 27.9363, 27.8599, 27.7295, 27.5531, 27.3376, 27.0892, 26.8136, 26.5156, 26.1996, 25.8694, 25.5281, 25.1786, 24.8234, 24.4644, 24.1034, 23.7419, 23.3811, 23.0221, 22.6657, 22.3125, 21.9632, 21.6183, 21.278, 20.9427
2.11459, 2.75934, 3.56942, 4.5583, 5.72909, 7.07285, 8.56877, 10.1859, 11.8861, 13.6279, 15.3695, 17.0722, 18.7021, 20.2317, 21.6401, 22.9131, 24.0428, 25.0261, 25.8647, 26.5632, 27.1291, 27.5712, 27.8998, 28.1253, 28.2582, 28.3091, 28.2878, 28.2036, 28.0652, 27.8803, 27.6561, 27.399, 27.1145, 26.8078, 26.483, 26.1441, 25.7944, 25.4366, 25.0731, 24.7062, 24.3375, 23.9685, 23.6004, 23.2343, 22.871, 22.5113, 22.1556, 21.8045, 21.4582, 21.1171
2.1641, 2.82226, 3.6487, 4.65697, 5.84998, 7.21841, 8.74081, 10.3855, 12.1135, 13.8824, 15.65, 17.3766, 19.028, 20.5763, 22.0005, 23.2865, 24.426, 25.4165, 26.2596, 26.9603, 27.5262, 27.9665, 28.2916, 28.5123, 28.6393, 28.6833, 28.6544, 28.562, 28.4149, 28.221, 27.9877, 27.7213, 27.4275, 27.1115, 26.7775, 26.4295, 26.0708, 25.7043, 25.3323, 24.9571, 24.5802, 24.2033, 23.8276, 23.4541, 23.0837, 22.717, 22.3546, 21.997, 21.6445, 21.2974
2.21687, 2.88923, 3.733, 4.76176, 5.97824, 7.37268, 8.92295, 10.5966, 12.3537, 14.1512, 15.9458, 17.6973, 19.3711, 20.9389, 22.3795, 23.6787, 24.8284, 25.8261, 26.6736, 27.3763, 27.942, 28.3802, 28.7014, 28.9168, 29.0374, 29.074, 29.0369, 28.9358, 28.7795, 28.5761, 28.3331, 28.0568, 27.7532, 27.4274, 27.0837, 26.7262, 26.3581, 25.9823, 25.6014, 25.2174, 24.832, 24.4469, 24.0632, 23.6819, 23.304, 22.9301, 22.5607, 22.1964, 21.8373, 21.4839
2.27323, 2.96066, 3.82279, 4.87325, 6.11454, 7.53643, 9.11609, 10.8202, 12.608, 14.4353, 16.2582, 18.0359, 19.733, 21.321, 22.7785, 24.0913, 25.2513, 26.2563, 27.1082, 27.8127, 28.3779, 28.8135, 29.1305, 29.3401, 29.4537, 29.4823, 29.4365, 29.326, 29.1599, 28.9464, 28.693, 28.4064, 28.0924, 27.7562, 27.4023, 27.0346, 26.6567, 26.2712, 25.8809, 25.4876, 25.0934, 24.6996, 24.3075, 23.9181, 23.5324, 23.1508, 22.7742, 22.4027, 22.0369, 21.677
2.33354, 3.03699, 3.91862, 4.99208, 6.25964, 7.71054, 9.32122, 11.0574, 12.8774, 14.7361, 16.5887, 18.3936, 20.115, 21.724, 23.199, 24.5258, 25.6964, 26.7086, 27.5648, 28.2709, 28.8352, 29.2678, 29.58, 29.7833, 29.8894, 29.9094, 29.8542, 29.7336, 29.5571, 29.3329, 29.0685, 28.7709, 28.4459, 28.0987, 27.734, 27.3557, 26.9673, 26.5716, 26.1713, 25.7685, 25.3648, 24.9619, 24.561, 24.1632, 23.7691, 23.3797, 22.9954, 22.6166, 22.2436, 21.8768
2.39823, 3.11874, 4.0211, 5.11899, 6.4144, 7.89601, 9.53946, 11.3095, 13.1634, 15.0551, 16.9387, 18.7721, 20.5188, 22.1496, 23.6428, 24.9839, 26.1652, 27.1848, 28.0451, 28.7525, 29.3155, 29.7447, 30.0515, 30.2479, 30.3457, 30.3565, 30.2911, 30.1599, 29.9722, 29.7365, 29.4605, 29.1512, 28.8145, 28.4557, 28.0795, 27.69, 27.2906, 26.8842, 26.4734, 26.0604, 25.6469, 25.2344, 24.8243, 24.4175, 24.0148, 23.6171, 23.2247, 22.8382, 22.4578, 22.0838
2.46777, 3.2065, 4.13094, 5.2548, 6.57978, 8.09395, 9.77207, 11.5779, 13.4675, 15.3939, 17.3101, 19.1733, 20.9464, 22.5999, 24.1117, 25.4676, 26.6598, 27.6866, 28.5509, 29.2592, 29.8205, 30.2457, 30.5466, 30.7354, 30.8242, 30.825, 30.7487, 30.606, 30.4063, 30.1584, 29.8701, 29.5483, 29.1991, 28.8281, 28.4398, 28.0384, 27.6273, 27.2096, 26.7878, 26.364, 25.9401, 25.5176, 25.0978, 24.6816, 24.2699, 23.8634, 23.4626, 23.068, 22.6798, 22.2982
2.54274, 3.30092, 4.24893, 5.40047, 6.7569, 8.30563, 10.0205, 11.8641, 13.7915, 15.7543, 17.7048, 19.5991, 21.3998, 23.0768, 24.6079, 25.9789, 27.1822, 28.2162, 29.0843, 29.7931, 30.3522, 30.7727, 31.0669, 31.2474, 31.3265, 31.3163, 31.2284, 31.0733, 30.8608, 30.5999, 30.2983, 29.9632, 29.6009, 29.2168, 28.8157, 28.4017, 27.9784, 27.5486, 27.1152, 26.6801, 26.2453, 25.8122, 25.3821, 24.956, 24.5348, 24.1192, 23.7096, 23.3064, 22.91, 22.5206
2.62377, 3.40279, 4.37601, 5.55708, 6.94702, 8.5325, 10.2864, 12.17, 14.1372, 16.1384, 18.1249, 20.0519, 21.8814, 23.5827, 25.1338, 26.5202, 27.7347, 28.7759, 29.6473, 30.3562, 30.9125, 31.3277, 31.6145, 31.7857, 31.8541, 31.8322, 31.7316, 31.5633, 31.3371, 31.0621, 30.7464, 30.3973, 30.0209, 29.623, 29.2083, 28.7809, 28.3445, 27.9021, 27.4563, 27.0093, 26.563, 26.1187, 25.6779, 25.2414, 24.8102, 24.3849, 23.966, 23.554, 23.149, 22.7513
2.7116, 3.513, 4.51322, 5.72589, 7.15159, 8.77621, 10.5715, 12.4976, 14.5069, 16.5487, 18.573, 20.5343, 22.3937, 24.1204, 25.692, 27.0943, 28.3199, 29.3681, 30.2425, 30.951, 31.5038, 31.9129, 32.1913, 32.3524, 32.4092, 32.3745, 32.2602, 32.0775, 31.8366, 31.5467, 31.2159, 30.8517, 30.4604, 30.0477, 29.6185, 29.1769, 28.7267, 28.2709, 27.8121, 27.3525, 26.8939, 26.4379, 25.9857, 25.5383, 25.0966, 24.6612, 24.2325, 23.8111, 23.3971, 22.9908
2.80713, 3.6326, 4.66182, 5.90835, 7.37229, 9.03868, 10.8781, 12.8492, 14.9032, 16.9878, 19.0519, 21.049, 22.9397, 24.6928, 26.2856, 27.7039, 28.9409, 29.9957, 30.8727, 31.5801, 32.1286, 32.5307, 32.7998, 32.9496, 32.9937, 32.945, 32.816, 32.6179, 32.3611, 32.055, 31.7081, 31.3278, 30.9205, 30.4921, 30.0475, 29.5909, 29.1261, 28.656, 28.1834, 27.7105, 27.239, 26.7706, 26.3064, 25.8474, 25.3946, 24.9485, 24.5096, 24.0783, 23.6549, 23.2395
2.91138, 3.76282, 4.82325, 6.10615, 7.61107, 9.3221, 11.2085, 13.2276, 15.3289, 17.4587, 19.5647, 21.5995, 23.5229, 25.3032, 26.9179, 28.3526, 29.6007, 30.6619, 31.541, 32.2465, 32.7898, 33.1838, 33.4425, 33.5799, 33.61, 33.5462, 33.401, 33.1862, 32.9123, 32.589, 32.2247, 31.8271, 31.4029, 30.9577, 30.4966, 30.0241, 29.5436, 29.0585, 28.5712, 28.0841, 27.599, 27.1174, 26.6406, 26.1695, 25.705, 25.2476, 24.7979, 24.3563, 23.9229, 23.4979
3.02558, 3.9051, 4.99922, 6.32126, 7.87019, 9.62904, 11.5657, 13.6358, 15.7873, 17.965, 20.1152, 22.1895, 24.147, 25.9556, 27.5927, 29.044, 30.3031, 31.3703, 32.2507, 32.9535, 33.4906, 33.8753, 34.1222, 34.2459, 34.2606, 34.1802, 34.0176, 33.7847, 33.4924, 33.1504, 32.7675, 32.3515, 31.9089, 31.4458, 30.9673, 30.4776, 29.9806, 29.4794, 28.9766, 28.4745, 27.975, 27.4795, 26.9892, 26.5053, 26.0284, 25.5592, 25.0981, 24.6455, 24.2016, 23.7666
3.15119, 4.06116, 5.19173, 6.55602, 8.15231, 9.96248, 11.9529, 14.0775, 16.2824, 18.5107, 20.7076, 22.8233, 24.8164, 26.6543, 28.3143, 29.7823, 31.0523, 32.1249, 33.0058, 33.7049, 34.2344, 34.6086, 34.8423, 34.9506, 34.9485, 34.85, 34.6683, 34.4158, 34.1035, 33.7414, 33.3385, 32.9025, 32.4404, 31.9582, 31.4609, 30.953, 30.4384, 29.92, 29.4008, 28.8828, 28.3679, 27.8576, 27.3532, 26.8556, 26.3657, 25.8839, 25.4108, 24.9467, 24.4918, 24.0462
3.28997, 4.23308, 5.40318, 6.81318, 8.46057, 10.3259, 12.374, 14.5567, 16.8185, 19.1006, 21.3466, 23.5059, 25.536, 27.4043, 29.0877, 30.5725, 31.8529, 32.9302, 33.8106, 34.5047, 35.0253, 35.3873, 35.6062, 35.6976, 35.6768, 35.5583, 35.3559, 35.0821, 34.7481, 34.3643, 33.9398, 33.4824, 32.9993, 32.4965, 31.9792, 31.4519, 30.9183, 30.3818, 29.8449, 29.31, 28.7788, 28.2529, 27.7334, 27.2214, 26.7177, 26.2227, 25.7369, 25.2606, 24.794, 24.3372
3.44406, 4.42332, 5.63645, 7.09604, 8.7987, 10.7236, 12.8335, 15.0786, 17.4009, 19.74, 22.038, 24.243, 26.3118, 28.2113, 29.9185, 31.42, 32.7104, 33.7914, 34.6702, 35.3577, 35.8678, 36.2159, 36.418, 36.4904, 36.449, 36.3087, 36.0835, 35.7864, 35.429, 35.0216, 34.5737, 34.0933, 33.5876, 33.0627, 32.5239, 31.9758, 31.4221, 30.8661, 30.3105, 29.7575, 29.209, 28.6664, 28.131, 27.6037, 27.0853, 26.5763, 26.077, 25.5879, 25.109, 24.6405
3.61606, 4.6349, 5.895, 7.40856, 9.17115, 11.1603, 13.3369, 15.6487, 18.0357, 20.4354, 22.7883, 25.0412, 27.1502, 29.0819, 30.8133, 32.3311, 33.6307, 34.7144, 35.59, 36.2694, 36.767, 37.099, 37.2822, 37.3335, 37.2692, 37.1047, 36.8547, 36.5321, 36.1491, 35.7162, 35.243, 34.7378, 34.2077, 33.659, 33.0971, 32.5266, 31.9514, 31.3746, 30.7989, 30.2267, 29.6597, 29.0995, 28.5471, 28.0036, 27.4696, 26.9457, 26.4323, 25.9295, 25.4376, 24.9566
3.8092, 4.87153, 6.18308, 7.75554, 9.58331, 11.6421, 13.8906, 16.2741, 18.7302, 21.1944, 23.6052, 25.9083, 28.0591, 30.0238, 31.7795, 33.3133, 34.6211, 35.706, 36.5766, 37.2457, 37.7285, 38.0421, 38.2039, 38.2315, 38.1417, 37.9507, 37.6732, 37.3229, 36.9119, 36.4513, 35.9506, 35.4184, 34.862, 34.2877, 33.701, 33.1065, 32.5081, 31.909, 31.312, 30.7192, 30.1325, 29.5534, 28.983, 28.4222, 27.8717, 27.332, 26.8035, 26.2863, 25.7806, 25.2865
4.02748, 5.1378, 6.5059, 8.14287, 10.0417, 12.1762, 14.5024, 16.963, 19.4931, 22.0257, 24.4977, 26.8535, 29.0476, 31.046, 32.8259, 34.3748, 35.6895, 36.7738, 37.6373, 38.2937, 38.7591, 39.0514, 39.1889, 39.1899, 39.0718, 38.8513, 38.5436, 38.1627, 37.7212, 37.2303, 36.6998, 36.1383, 35.5534, 34.9515, 34.338, 33.7177, 33.0944, 32.4714, 31.8514, 31.2366, 30.6289, 30.0297, 29.44, 28.8608, 28.2928, 27.7363, 27.1917, 26.6593, 26.139, 25.631
4.27598, 5.43944, 6.86994, 8.57778, 10.5544, 12.7712, 15.1816, 17.7253, 20.3346, 22.9402, 25.4768, 27.8876, 30.1264, 32.1589, 33.9626, 35.5256, 36.8454, 37.9269, 38.7807, 39.4213, 39.8662, 40.1339, 40.2438, 40.2148, 40.0651, 39.8118, 39.4707, 39.0562, 38.5812, 38.0572, 37.4942, 36.9009, 36.2851, 35.6532, 35.0109, 34.3627, 33.7126, 33.0639, 32.4192, 31.7809, 31.1507, 30.5299, 29.9197, 29.3209, 28.7341, 28.1598, 27.5982, 27.0495, 26.5138, 25.9909
4.56115, 5.78372, 7.28333, 9.06932, 11.1313, 13.438, 15.9398, 18.5732, 21.2674, 23.9505, 26.5552, 29.0234, 31.3081, 33.3749, 35.2016, 36.7771, 38.0998, 39.1757, 40.0164, 40.6379, 41.0584, 41.2978, 41.3762, 41.3133, 41.1281, 40.8383, 40.4602, 40.0086, 39.4968, 38.9364, 38.3378, 37.71, 37.0606, 36.3962, 35.7225, 35.0442, 34.3652, 33.6888, 33.0177, 32.3541, 31.6997, 31.0558, 30.4236, 29.8039, 29.1971, 28.6038, 28.0241, 27.4581, 26.9059, 26.3674
4.89136, 6.17995, 7.75642, 9.62891, 11.7848, 14.1899, 16.7911, 19.5215, 22.3067, 25.0722, 27.7487, 30.2764, 32.6079, 34.7087, 36.5572, 38.143, 39.4656, 40.5323, 41.3561, 41.9541, 42.3459, 42.5523, 42.5946, 42.4933, 42.2682, 41.9376, 41.5183, 41.0257, 40.4732, 39.873, 39.2355, 38.5697, 37.8837, 37.184, 36.4763, 35.7654, 35.0552, 34.3489, 33.6493, 32.9584, 32.2781, 31.6095, 30.9538, 30.3116, 29.6835, 29.0698, 28.4708, 27.8865, 27.3167, 26.7615
5.27758, 6.64023, 8.30253, 10.2711, 12.5307, 15.0438, 17.7533, 20.5885, 23.4713, 26.3243, 29.076, 31.6652, 34.044, 36.178, 38.0461, 39.6391, 40.9579, 42.011, 42.813, 43.3824, 43.7402, 43.9083, 43.9091, 43.7641, 43.494, 43.1176, 42.6524, 42.1142, 41.5168, 40.8725, 40.1922, 39.485, 38.7589, 38.0207, 37.2761, 36.5297, 35.7857, 35.0471, 34.3167, 33.5965, 32.8882, 32.193, 31.512, 30.8458, 30.1949, 29.5595, 28.9398, 28.3358, 27.7475, 27.1745
5.73441, 7.18052, 8.93904, 11.0147, 13.3891, 16.021, 18.8487, 21.7972, 24.7847, 27.7303, 30.5604, 33.2127, 35.6385, 37.8039, 39.6886, 41.2848, 42.5948, 43.6288, 44.403, 44.9375, 45.2548, 45.3783, 45.3313, 45.1364, 44.8152, 44.3873, 43.8707, 43.2816, 42.6343, 41.9415, 41.2139, 40.4612, 39.6912, 38.9109, 38.1259, 37.3411, 36.5602, 35.7867, 35.0229, 34.271, 33.5326, 32.8088, 32.1006, 31.4086, 30.7332, 30.0746, 29.4328, 28.8079, 28.1996, 27.6077
6.2817, 7.82221, 9.68901, 11.8844, 14.3864, 17.149, 20.1058, 23.1768, 26.2761, 29.3194, 32.2308, 34.9467, 37.4183, 39.6122, 41.5092, 43.1031, 44.3978, 45.4057, 46.1447, 46.6367, 46.9058, 46.9769, 46.8746, 46.6226, 46.2433, 45.7571, 45.1827, 44.5368, 43.8339, 43.0871, 42.3074, 41.5044, 40.6862, 39.8597, 39.0307, 38.2038, 37.3829, 36.5713, 35.7714, 34.9852, 34.2142, 33.4595, 32.7221, 32.0023, 31.3005, 30.617, 29.9515, 29.3041, 28.6746, 28.0625
6.94687, 8.59451, 10.5835, 12.9131, 15.5569, 18.4637, 21.5614, 24.7646, 27.9828, 31.1284, 34.1231, 36.9021, 39.4168, 41.6345, 43.5377, 45.1218, 46.3931, 47.366, 48.0605, 48.5006, 48.7121, 48.7215, 48.5549, 48.2371, 47.7914, 47.2391, 46.5995, 45.8897, 45.1247, 44.3178, 43.4802, 42.6216, 41.7503, 40.873, 39.9956, 39.1227, 38.2582, 37.4051, 36.5659, 35.7424, 34.9362, 34.1481, 33.379, 32.6293, 31.8993, 31.1889, 30.498, 29.8266, 29.1742, 28.5405
7.76872, 9.53809, 11.6653, 14.1455, 16.9472, 20.0127, 23.2638, 26.6091, 29.953, 33.2044, 36.2828, 39.1227, 41.6756, 43.9102, 45.8108, 47.3753, 48.6123, 49.5387, 50.1771, 50.5536, 50.6961, 50.6326, 50.3908, 49.9969, 49.475, 48.8474, 48.1338, 47.352, 46.5173, 45.6432, 44.7411, 43.8209, 42.8907, 41.9574, 41.0268, 40.1034, 39.1911, 38.2927, 37.4107, 36.5467, 35.7021, 34.8779, 34.0746, 33.2926, 32.5319, 31.7926, 31.0745, 30.3772, 29.7004, 29.0435
8.8034, 10.7109, 12.9942, 15.6434, 18.6204, 21.8604, 25.2776, 28.7742, 32.2494, 35.6083, 38.7685, 41.6639, 44.247, 46.4881, 48.3741, 49.9056, 51.0942, 51.9596, 52.5272, 52.8256, 52.8847, 52.7347, 52.4047, 51.9222, 51.3124, 50.5984, 49.8006, 48.9372, 48.024, 47.0744, 46.1003, 45.1113, 44.1158, 43.1206, 42.1312, 41.1523, 40.1874, 39.2394, 38.3105, 37.4024, 36.5161, 35.6526, 34.8122, 33.9951, 33.2014, 32.431, 31.6834, 30.9583, 30.2551, 29.5735
10.1345, 12.1976, 14.6563, 17.4941, 20.6647, 24.0947, 27.6901, 31.3456, 34.955, 38.4199, 41.656, 44.5974, 47.1979, 49.4305, 51.285, 52.7654, 53.8868, 54.6724, 55.1505, 55.3524, 55.3106, 55.0572, 54.623, 54.0369, 53.3251, 52.5116, 51.6175, 50.6612, 49.6589, 48.6244, 47.5693, 46.5035, 45.4351, 44.371, 43.3166, 42.2763, 41.2536, 40.2511, 39.2709, 38.3144, 37.3827, 36.4762, 35.5955, 34.7405, 33.911, 33.1068, 32.3274, 31.5723, 30.8408, 30.1325
11.8906, 14.1256, 16.7785, 19.824, 23.2057, 26.8396, 30.6222, 34.4404, 38.1822, 41.7456, 45.0454, 48.0164, 50.6149, 52.8169, 54.6162, 56.021, 57.0505, 57.7316, 58.0961, 58.1784, 58.0136, 57.6359, 57.0778, 56.3697, 55.539, 54.6103, 53.6052, 52.5427, 51.439, 50.3082, 49.1618, 48.0097, 46.8598, 45.7189, 44.5922, 43.4839, 42.3972, 41.3346, 40.298, 39.2884, 38.3069, 37.3536, 36.4289, 35.5325, 34.6642, 33.8234, 33.0095, 32.222, 31.4601, 30.7229
14.2758, 16.6925, 19.5537, 22.8216, 26.4267, 30.2727, 34.2449, 38.2215, 42.0848, 45.7297, 49.0709, 52.0449, 54.6113, 56.7507, 58.4616, 59.7572, 60.6614, 61.2055, 61.4253, 61.3583, 61.0424, 60.5143, 59.8081, 58.9555, 57.985, 56.922, 55.7884, 54.6037, 53.3841, 52.1436, 50.8937, 49.6441, 48.4027, 47.1758, 45.9684, 44.7843, 43.6267, 42.4977, 41.3987, 40.3308, 39.2945, 38.29, 37.3172, 36.3757, 35.465, 34.5845, 33.7333, 32.9106, 32.1156, 31.3474
17.629, 20.2172, 23.2848, 26.7759, 30.6037, 34.6562, 38.8058, 42.9213, 46.8791, 50.5721, 53.9157, 56.8498, 59.3386, 61.3683, 62.9436, 64.0834, 64.8172, 65.1812, 65.2152, 64.9606, 64.4581, 63.7463, 62.8616, 61.8366, 60.7008, 59.4801, 58.1969, 56.8706, 55.5176, 54.1515, 52.7838, 51.4237, 50.0788, 48.7551, 47.4572, 46.1886, 44.952, 43.7491, 42.5812, 41.4488, 40.3523, 39.2914, 38.2659, 37.275, 36.3181, 35.3942, 34.5024, 33.6416, 32.8108, 32.0089
22.539, 25.2362, 28.467, 32.1471, 36.1651, 40.3884, 44.6736, 48.879, 52.8755, 56.555, 59.835, 62.6604, 65.0018, 66.8525, 68.2244, 69.1433, 69.6448, 69.7704, 69.5646, 69.0722, 68.3368, 67.3993, 66.2974, 65.0651, 63.7323, 62.3253, 60.8665, 59.3753, 57.8677, 56.357, 54.8542, 53.3682, 51.9059, 50.4727, 49.0729, 47.7094, 46.3844, 45.0992, 43.8546, 42.6508, 41.4877, 40.3647, 39.2811, 38.2361, 37.2285, 36.2573, 35.3211, 34.4188, 33.5491, 32.7106
30.0871, 32.6981, 35.9467, 39.6981, 43.8016, 48.0949, 52.4142, 56.6048, 60.5319, 64.0873, 67.1924, 69.7987, 71.8849, 73.453, 74.523, 75.1285, 75.3115, 75.1194, 74.6008, 73.8042, 72.7756, 71.5579, 70.1897, 68.7058, 67.1362, 65.5072, 63.841, 62.1562, 60.4683, 58.79, 57.1316, 55.501, 53.9047, 52.3472, 50.832, 49.3615, 47.9373, 46.5599, 45.2298, 43.9465, 42.7094, 41.5176, 40.37, 39.2653, 38.2021, 37.179, 36.1944, 35.2467, 34.3346, 33.4564
42.3939, 44.3819, 47.2488, 50.7546, 54.6753, 58.7988, 62.9285, 66.8912, 70.5439, 73.7777, 76.519, 78.7268, 80.3892, 81.5172, 82.14, 82.2987, 82.0418, 81.4217, 80.4911, 79.3011, 77.8995, 76.3302, 74.6323, 72.8401, 70.9835, 69.0877, 67.1741, 65.2603, 63.3607, 61.4869, 59.6478, 57.8504, 56.1001, 54.4005, 52.7541, 51.1624, 49.626, 48.1451, 46.719, 45.3468, 44.0274, 42.7593, 41.5408, 40.3702, 39.2456, 38.1654, 37.1276, 36.1303, 35.1718, 34.2503
