5.10267, 6.35624, 7.76988, 9.31771, 10.9658, 12.6752, 14.4057, 16.1185, 17.7787, 19.3569, 20.8298, 22.1806, 23.3982, 24.4772, 25.4165, 26.2188, 26.8894, 27.4359, 27.8669, 28.1919, 28.421, 28.5637, 28.6298, 28.6283, 28.5677, 28.4559, 28.3, 28.1065, 27.8812, 27.6293, 27.3554, 27.0634, 26.757, 26.4391, 26.1123, 25.779, 25.4412, 25.1004, 24.7581, 24.4154, 24.0735, 23.7331, 23.3949, 23.0595, 22.7274, 22.3989, 22.0744, 21.7541, 21.4382, 21.1268
5.1736, 6.44282, 7.87361, 9.43965, 11.1065, 12.8347, 14.5834, 16.3136, 17.9899, 19.5825, 21.068, 22.4295, 23.656, 24.7419, 25.6865, 26.4923, 27.1649, 27.712, 28.1424, 28.4658, 28.6922, 28.8316, 28.8937, 28.8877, 28.8222, 28.7051, 28.5437, 28.3445, 28.1134, 27.8556, 27.5758, 27.2779, 26.9656, 26.6419, 26.3094, 25.9705, 25.6271, 25.2809, 24.9334, 24.5856, 24.2387, 23.8934, 23.5505, 23.2105, 22.8739, 22.5412, 22.2125, 21.8881, 21.5683, 21.2531
5.24777, 6.53331, 7.98196, 9.56695, 11.2533, 13.001, 14.7687, 16.5169, 18.2097, 19.8173, 21.3159, 22.6884, 23.924, 25.0171, 25.9669, 26.7762, 27.4508, 27.9984, 28.4281, 28.7497, 28.9733, 29.1092, 29.1671, 29.1563, 29.0856, 28.963, 28.7958, 28.5906, 28.3534, 28.0895, 27.8035, 27.4995, 27.181, 26.8513, 26.5129, 26.1681, 25.819, 25.4672, 25.1142, 24.7611, 24.4089, 24.0586, 23.7108, 23.3661, 23.0249, 22.6876, 22.3546, 22.026, 21.7021, 21.383
5.32539, 6.62794, 8.09521, 9.69994, 11.4065, 13.1745, 14.962, 16.7288, 18.4388, 20.0618, 21.5739, 22.9578, 24.2027, 25.3031, 26.2583, 27.0712, 27.7477, 28.2958, 28.7246, 29.0442, 29.2649, 29.397, 29.4504, 29.4346, 29.3584, 29.2299, 29.0567, 28.8453, 28.6017, 28.3314, 28.0389, 27.7285, 27.4037, 27.0676, 26.723, 26.3721, 26.0171, 25.6594, 25.3007, 24.9421, 24.5845, 24.229, 23.8761, 23.5264, 23.1804, 22.8385, 22.501, 22.1681, 21.8399, 21.5167
5.4067, 6.72702, 8.21371, 9.839, 11.5667, 13.3558, 15.1638, 16.9499, 18.6778, 20.3167, 21.8427, 23.2384, 24.4929, 25.6008, 26.5614, 27.3779, 28.0563, 28.6047, 29.0325, 29.3499, 29.5674, 29.6954, 29.7441, 29.723, 29.6411, 29.5065, 29.3269, 29.1089, 28.8587, 28.5816, 28.2824, 27.9652, 27.6338, 27.2911, 26.94, 26.5828, 26.2216, 25.8579, 25.4932, 25.1288, 24.7657, 24.4047, 24.0465, 23.6917, 23.3407, 22.994, 22.6518, 22.3144, 21.9819, 21.6544
5.49195, 6.83083, 8.33779, 9.98453, 11.7343, 13.5453, 15.3746, 17.1808, 18.9271, 20.5826, 22.1229, 23.5308, 24.7951, 25.9107, 26.8768, 27.6969, 28.3771, 28.9257, 29.3523, 29.6673, 29.8814, 30.0052, 30.0488, 30.0221, 29.9341, 29.7931, 29.6067, 29.3819, 29.1247, 28.8406, 28.5343, 28.2101, 27.8717, 27.5222, 27.1644, 26.8006, 26.4328, 26.0628, 25.692, 25.3216, 24.9526, 24.5859, 24.2222, 23.8621, 23.506, 23.1543, 22.8072, 22.4651, 22.128, 21.7962
5.58143, 6.93972, 8.46785, 10.137, 11.9097, 13.7436, 15.595, 17.4221, 19.1876, 20.8601, 22.4154, 23.8357, 25.1102, 26.2335, 27.2053, 28.029, 28.7109, 29.2596, 29.6849, 29.9972, 30.2076, 30.3268, 30.3651, 30.3324, 30.238, 30.0902, 29.8969, 29.6648, 29.4003, 29.1087, 28.7951, 28.4636, 28.1179, 27.7612, 27.3963, 27.0256, 26.6511, 26.2745, 25.8972, 25.5206, 25.1456, 24.773, 24.4036, 24.0379, 23.6764, 23.3195, 22.9675, 22.6205, 22.2787, 21.9423
5.67545, 7.05404, 8.60431, 10.2968, 12.0935, 13.9512, 15.8257, 17.6745, 19.4598, 21.1501, 22.7207, 24.1539, 25.4388, 26.5701, 27.5476, 28.3748, 29.0584, 29.6071, 30.0307, 30.3403, 30.5467, 30.6609, 30.6935, 30.6546, 30.5534, 30.3985, 30.1977, 29.958, 29.6858, 29.3866, 29.0652, 28.726, 28.3727, 28.0085, 27.6362, 27.2583, 26.8768, 26.4933, 26.1093, 25.7262, 25.3448, 24.9661, 24.5908, 24.2193, 23.8523, 23.49, 23.1327, 22.7806, 22.434, 22.0928
5.77434, 7.1742, 8.74764, 10.4646, 12.2863, 14.1688, 16.0673, 17.9387, 19.7447, 21.4533, 23.0398, 24.4863, 25.7818, 26.9213, 27.9045, 28.7353, 29.4205, 29.9689, 30.3908, 30.6972, 30.8993, 31.0082, 31.0348, 30.9892, 30.8809, 30.7184, 30.5098, 30.2622, 29.9819, 29.6745, 29.345, 28.9978, 28.6365, 28.2645, 27.8845, 27.4991, 27.1101, 26.7195, 26.3286, 25.9386, 25.5507, 25.1656, 24.7841, 24.4066, 24.0338, 23.6658, 23.3031, 22.9458, 22.5941, 22.248
5.87848, 7.30064, 8.89834, 10.6409, 12.4887, 14.3972, 16.3206, 18.2155, 20.0429, 21.7707, 23.3735, 24.8337, 26.1402, 27.288, 28.2771, 29.1114, 29.798, 30.346, 30.7658, 31.0687, 31.2662, 31.3696, 31.3897, 31.337, 31.2211, 31.0507, 30.8339, 30.5779, 30.289, 29.9731, 29.6351, 29.2794, 28.9098, 28.5296, 28.1416, 27.7482, 27.3516, 26.9535, 26.5553, 26.1583, 25.7635, 25.3717, 24.9837, 24.6001, 24.2212, 23.8474, 23.479, 23.1162, 22.7592, 22.4081
5.98829, 7.43385, 9.05698, 10.8263, 12.7014, 14.637, 16.5866, 18.5058, 20.3556, 22.1031, 23.7229, 25.1972, 26.515, 27.6712, 28.6662, 29.504, 30.1919, 30.7392, 31.1567, 31.4558, 31.6483, 31.7456, 31.759, 31.6988, 31.5748, 31.396, 31.1705, 30.9056, 30.6078, 30.2829, 29.936, 29.5714, 29.1931, 28.8042, 28.4078, 28.0063, 27.6016, 27.1956, 26.7898, 26.3854, 25.9835, 25.5848, 25.1901, 24.7999, 24.4147, 24.0348, 23.6606, 23.2921, 22.9296, 22.5732
6.10421, 7.57436, 9.22418, 11.0215, 12.9253, 14.8892, 16.8659, 18.8107, 20.6836, 22.4516, 24.089, 25.5779, 26.9072, 28.0721, 29.0729, 29.9141, 30.6031, 31.1496, 31.5644, 31.8594, 32.0465, 32.1374, 32.1434, 32.0752, 31.9427, 31.755, 31.5203, 31.2461, 30.9389, 30.6046, 30.2482, 29.8744, 29.4868, 29.089, 28.6837, 28.2735, 27.8605, 27.4463, 27.0326, 26.6205, 26.211, 25.8051, 25.4033, 25.0064, 24.6146, 24.2285, 23.8481, 23.4737, 23.1055, 22.7436
6.22677, 7.72277, 9.40062, 11.2274, 13.1611, 15.1546, 17.1598, 19.1311, 21.0282, 22.8174, 24.473, 25.9769, 27.318, 28.4917, 29.4985, 30.343, 31.0329, 31.5782, 31.9901, 32.2806, 32.4618, 32.5457, 32.5439, 32.4672, 32.3256, 32.1285, 31.8842, 31.6001, 31.2829, 30.9387, 30.5724, 30.1888, 29.7916, 29.3843, 28.9698, 28.5506, 28.1287, 27.706, 27.2839, 26.8637, 26.4465, 26.033, 25.6239, 25.2199, 24.8213, 24.4285, 24.0418, 23.6613, 23.2871, 22.9194
6.35653, 7.87975, 9.58707, 11.4447, 13.4098, 15.4344, 17.4693, 19.4683, 21.3904, 23.2017, 24.8762, 26.3955, 27.7488, 28.9314, 29.9441, 30.7918, 31.4824, 32.0263, 32.4348, 32.7203, 32.8951, 32.9716, 32.9615, 32.8757, 32.7245, 32.5174, 32.2628, 31.9683, 31.6407, 31.2859, 30.9093, 30.5153, 30.108, 29.6908, 29.2666, 28.8379, 28.4068, 27.9751, 27.5443, 27.1157, 26.6903, 26.2689, 25.8522, 25.4408, 25.0351, 24.6354, 24.242, 23.8551, 23.4747, 23.1011
6.49411, 8.04603, 9.78437, 11.6745, 13.6726, 15.7296, 17.7956, 19.8235, 21.7718, 23.606, 25.2999, 26.8352, 28.2009, 29.3926, 30.4112, 31.2619, 31.953, 32.495, 32.8998, 33.1798, 33.3478, 33.4163, 33.3971, 33.3017, 33.1403, 32.9226, 32.6571, 32.3515, 32.0128, 31.647, 31.2594, 30.8546, 30.4367, 30.009, 29.5746, 29.136, 28.6952, 28.2541, 27.8142, 27.3768, 26.9428, 26.5131, 26.0885, 25.6693, 25.2562, 24.8493, 24.449, 24.0554, 23.6686, 23.2887
6.64024, 8.22244, 9.99347, 11.9178, 13.9505, 16.0416, 18.1401, 20.1982, 22.1737, 24.0317, 25.7458, 27.2975, 28.6759, 29.8768, 30.9013, 31.7549, 32.4461, 32.9859, 33.3864, 33.6604, 33.821, 33.8808, 33.8521, 33.7463, 33.574, 33.345, 33.068, 32.7508, 32.4003, 32.0228, 31.6237, 31.2075, 30.7783, 30.3397, 29.8945, 29.4454, 28.9945, 28.5436, 28.0941, 27.6474, 27.2045, 26.7662, 26.3332, 25.906, 25.485, 25.0707, 24.6631, 24.2625, 23.869, 23.4826
6.79571, 8.4099, 10.2154, 12.1758, 14.2449, 16.3717, 18.5043, 20.594, 22.5978, 24.4806, 26.2156, 27.7841, 29.1756, 30.3857, 31.416, 32.2722, 32.9633, 33.5005, 33.8962, 34.1636, 34.316, 34.3665, 34.3275, 34.2106, 34.0268, 33.7857, 33.4965, 33.1669, 32.804, 32.4142, 32.0028, 31.5746, 31.1336, 30.6834, 30.227, 29.7669, 29.3053, 28.844, 28.3845, 27.9281, 27.4758, 27.0284, 26.5867, 26.1511, 25.722, 25.2998, 24.8847, 24.4768, 24.0763, 23.6832
6.96142, 8.60947, 10.4514, 12.4497, 14.5572, 16.7216, 18.8899, 21.0126, 23.046, 24.9546, 26.7111, 28.297, 29.7017, 30.9212, 31.9572, 32.8159, 33.5064, 34.0404, 34.4306, 34.6908, 34.8344, 34.8748, 34.8247, 34.6961, 34.4998, 34.246, 33.9437, 33.6009, 33.2249, 32.822, 32.3977, 31.9568, 31.5033, 31.0409, 30.5726, 30.101, 29.6281, 29.156, 28.686, 28.2194, 27.7573, 27.3004, 26.8495, 26.4051, 25.9675, 25.5371, 25.1141, 24.6986, 24.2908, 23.8906
7.1384, 8.82232, 10.7028, 12.7412, 14.8891, 17.093, 19.2988, 21.456, 23.5203, 25.4556, 27.2345, 28.8383, 30.2565, 31.4854, 32.527, 33.3877, 34.0771, 34.6074, 34.9916, 35.2438, 35.3778, 35.4073, 35.3453, 35.2039, 34.9944, 34.7269, 34.4107, 34.054, 33.6641, 33.2473, 32.8093, 32.3549, 31.8883, 31.4131, 30.9322, 30.4484, 29.9638, 29.4802, 28.9991, 28.5219, 28.0494, 27.5826, 27.1221, 26.6684, 26.2219, 25.783, 25.3517, 24.9283, 24.5128, 24.1052
7.32779, 9.04979, 10.9711, 13.0519, 15.2424, 17.4879, 19.7331, 21.9264, 24.023, 25.986, 27.788, 29.4103, 30.8423, 32.0805, 33.1274, 33.9898, 34.6777, 35.2036, 35.581, 35.8244, 35.9479, 35.9656, 35.8907, 35.7357, 35.512, 35.23, 34.899, 34.5274, 34.1227, 33.6912, 33.2387, 32.7701, 32.2895, 31.8007, 31.3066, 30.81, 30.3129, 29.8173, 29.3246, 28.8361, 28.3528, 27.8756, 27.405, 26.9416, 26.4858, 26.0378, 25.5979, 25.1662, 24.7427, 24.3274
7.53092, 9.29339, 11.2581, 13.3837, 15.6193, 17.9085, 20.1951, 22.4263, 24.5565, 26.5485, 28.3744, 30.0155, 31.4615, 32.7091, 33.7611, 34.6247, 35.3105, 35.8312, 36.201, 36.4346, 36.5467, 36.5516, 36.4629, 36.2932, 36.0542, 35.7566, 35.4098, 35.0224, 34.6019, 34.1548, 33.6869, 33.2032, 32.7079, 32.2047, 31.6967, 31.1865, 30.6763, 30.168, 29.6631, 29.1628, 28.6681, 28.1799, 27.6987, 27.2252, 26.7596, 26.3022, 25.8532, 25.4128, 24.9809, 24.5576
7.74932, 9.55488, 11.5656, 13.7388, 16.022, 18.3575, 20.6875, 22.9585, 25.1239, 27.1459, 28.9965, 30.657, 32.1171, 33.374, 34.4307, 35.295, 35.9779, 36.4927, 36.8539, 37.0768, 37.1763, 37.1673, 37.0635, 36.878, 36.6227, 36.3084, 35.9447, 35.5404, 35.1031, 34.6394, 34.1552, 33.6555, 33.1446, 32.6262, 32.1034, 31.5789, 31.0549, 30.5332, 30.0153, 29.5026, 28.9959, 28.4962, 28.0039, 27.5197, 27.0438, 26.5765, 26.1181, 25.6685, 25.2278, 24.7961
7.98472, 9.83625, 11.8959, 14.1197, 16.4533, 18.8376, 21.2134, 23.5261, 25.7282, 27.7815, 29.6576, 31.3379, 32.8123, 34.0782, 35.1393, 36.0036, 36.6828, 37.1907, 37.5423, 37.7533, 37.8391, 37.8149, 37.6949, 37.4923, 37.2194, 36.8871, 36.5054, 36.0831, 35.6278, 35.1465, 34.6449, 34.1282, 33.6007, 33.0662, 32.5277, 31.9881, 31.4495, 30.9136, 30.3822, 29.8563, 29.337, 28.8251, 28.3211, 27.8257, 27.339, 26.8614, 26.393, 25.9338, 25.484, 25.0434
8.23916, 10.1398, 12.2517, 14.5291, 16.9162, 19.3521, 21.7763, 24.1327, 26.3731, 28.4589, 30.3614, 32.0619, 33.5506, 34.8254, 35.8902, 36.7539, 37.4285, 37.9283, 38.2691, 38.4669, 38.5377, 38.4969, 38.3592, 38.1382, 37.8463, 37.4948, 37.0937, 36.6521, 36.1777, 35.6774, 35.1573, 34.6225, 34.0774, 33.5258, 32.9708, 32.4152, 31.861, 31.3103, 30.7644, 30.2247, 29.6921, 29.1674, 28.6511, 28.1439, 27.6458, 27.1573, 26.6784, 26.2093, 25.7498, 25.2999
8.51499, 10.4682, 12.6359, 14.9705, 17.4144, 19.9049, 22.3799, 24.7823, 27.0629, 29.1824, 31.112, 32.8331, 34.3362, 35.6194, 36.6874, 37.5494, 38.2183, 38.7089, 39.0374, 39.2206, 39.2748, 39.216, 39.0591, 38.8182, 38.5058, 38.1335, 37.7116, 37.2492, 36.7543, 36.2339, 35.6941, 35.1401, 34.5762, 34.0064, 33.4339, 32.8612, 32.2907, 31.7241, 31.1631, 30.6087, 30.0621, 29.5238, 28.9946, 28.4749, 27.965, 27.465, 26.9751, 26.4954, 26.0258, 25.5662
8.81496, 10.8246, 13.0519, 15.4475, 17.9518, 20.5002, 23.0289, 25.4796, 27.8021, 29.9566, 31.9142, 33.6562, 35.1734, 36.4647, 37.535, 38.3944, 39.0562, 39.5361, 39.8509, 40.0178, 40.0538, 39.9752, 39.7974, 39.5348, 39.2003, 38.8056, 38.3613, 37.8767, 37.3598, 36.8179, 36.257, 35.6824, 35.0986, 34.5094, 33.9182, 33.3275, 32.7396, 32.1563, 31.5791, 31.0093, 30.4478, 29.8953, 29.3524, 28.8196, 28.297, 27.785, 27.2836, 26.7927, 26.3125, 25.8428
9.14233, 11.2126, 13.5039, 15.9647, 18.5332, 21.143, 23.7285, 26.2299, 28.5962, 30.7871, 32.7733, 34.5364, 36.0676, 37.3662, 38.4378, 39.2933, 39.9467, 40.4142, 40.7135, 40.8622, 40.8781, 40.7778, 40.5772, 40.291, 39.9325, 39.5136, 39.0452, 38.5366, 37.9962, 37.4312, 36.8477, 36.2511, 35.6461, 35.0363, 34.4252, 33.8153, 33.2089, 32.6079, 32.0137, 31.4275, 30.8502, 30.2827, 29.7254, 29.1787, 28.6429, 28.1181, 27.6045, 27.102, 26.6106, 26.1301
9.50094, 11.6366, 13.9965, 16.5271, 19.1642, 21.8391, 24.4846, 27.0394, 29.4514, 31.6799, 33.6954, 35.4798, 37.0245, 38.3296, 39.4014, 40.2515, 40.8946, 41.3479, 41.6296, 41.7581, 41.7517, 41.6275, 41.402, 41.0901, 40.7055, 40.2605, 39.766, 39.2317, 38.6659, 38.076, 37.4684, 36.8483, 36.2205, 35.5888, 34.9564, 34.3261, 33.7001, 33.0802, 32.4679, 31.8644, 31.2705, 30.687, 30.1144, 29.5531, 29.0033, 28.4651, 27.9386, 27.4238, 26.9207, 26.4289
9.89539, 12.1017, 14.5355, 17.1409, 19.8511, 22.5954, 25.3043, 27.9151, 30.3749, 32.6422, 34.6877, 36.4932, 38.0509, 39.3614, 40.4319, 41.2747, 41.9056, 42.3425, 42.6043, 42.7102, 42.679, 42.5286, 42.2757, 41.9357, 41.5228, 41.0494, 40.5267, 39.9645, 39.3714, 38.7548, 38.1212, 37.476, 36.8239, 36.1687, 35.5137, 34.8616, 34.2147, 33.5747, 32.9432, 32.3212, 31.7096, 31.1092, 30.5205, 29.9437, 29.3791, 28.8268, 28.2867, 27.759, 27.2434, 26.7398
10.3312, 12.6139, 15.1275, 17.8132, 20.6018, 23.4197, 26.1957, 28.8655, 31.375, 33.6824, 35.7581, 37.5846, 39.1544, 40.4689, 41.5363, 42.3698, 42.9861, 43.404, 43.6432, 43.7237, 43.665, 43.4855, 43.2026, 42.8319, 42.3881, 41.8838, 41.3304, 40.7381, 40.1156, 39.4703, 38.8088, 38.1365, 37.4583, 36.7779, 36.0987, 35.4234, 34.7542, 34.0928, 33.4408, 32.7992, 32.169, 31.5507, 30.9448, 30.3516, 29.7713, 29.204, 28.6497, 28.1083, 27.5796, 27.0635
10.8151, 13.1808, 15.7806, 18.5528, 21.4251, 24.3216, 27.1686, 29.9003, 32.4615, 34.81, 36.9163, 38.7631, 40.3438, 41.6606, 42.7227, 43.5443, 44.1432, 44.5391, 44.7527, 44.8047, 44.7153, 44.5037, 44.1875, 43.7833, 43.3056, 42.7676, 42.181, 41.5561, 40.9016, 40.2253, 39.5337, 38.8324, 38.1261, 37.4187, 36.7136, 36.0135, 35.3204, 34.6363, 33.9625, 33.3, 32.6498, 32.0125, 31.3884, 30.7778, 30.181, 29.5978, 29.0284, 28.4725, 27.93, 27.4007
11.3552, 13.8113, 16.5045, 19.3699, 22.3321, 25.3121, 28.2343, 31.0309, 33.6458, 36.0363, 38.1731, 40.0394, 41.6294, 42.9463, 44.0004, 44.8071, 45.3853, 45.7557, 45.94, 45.9599, 45.8362, 45.5889, 45.2361, 44.7948, 44.28, 43.7053, 43.0825, 42.422, 41.733, 41.0231, 40.299, 39.5664, 38.8299, 38.0936, 37.3607, 36.6339, 35.9154, 35.2069, 34.5098, 33.8251, 33.1537, 32.4961, 31.8527, 31.2237, 30.6092, 30.0093, 29.4238, 28.8526, 28.2955, 27.7523
11.9617, 14.5164, 17.311, 20.2771, 23.3357, 26.4049, 29.4065, 32.271, 34.9414, 37.3746, 39.5415, 41.4259, 43.023, 44.3372, 45.3801, 46.1682, 46.7218, 47.0626, 47.2135, 47.1971, 47.035, 46.7478, 46.3545, 45.8723, 45.3168, 44.7017, 44.0394, 43.3403, 42.6136, 41.8673, 41.1081, 40.3416, 39.5726, 38.8051, 38.0424, 37.287, 36.5412, 35.8066, 35.0846, 34.3762, 33.6822, 33.003, 32.339, 31.6904, 31.0572, 30.4395, 29.837, 29.2496, 28.6771, 28.1191
12.6471, 15.3099, 18.2149, 21.2897, 24.4519, 27.6162, 30.7016, 33.6371, 36.3645, 38.8407, 41.0367, 42.9372, 44.5387, 45.8467, 46.8742, 47.6394, 48.1636, 48.4701, 48.5827, 48.5251, 48.3198, 47.9881, 47.5496, 47.0222, 46.4218, 45.7625, 45.0568, 44.3155, 43.5479, 42.7621, 41.9647, 41.1616, 40.3575, 39.5564, 38.7614, 37.9753, 37.2002, 36.4377, 35.689, 34.9553, 34.237, 33.5348, 32.8489, 32.1794, 31.5264, 30.8897, 30.2692, 29.6646, 29.0757, 28.5021
13.4275, 16.2087, 19.2341, 22.4268, 25.7003, 28.9657, 32.1395, 35.1487, 37.9345, 40.4532, 42.6767, 44.5907, 46.1927, 47.4901, 48.4974, 49.2343, 49.7236, 49.99, 50.0585, 49.954, 49.6999, 49.3184, 48.8296, 48.252, 47.6019, 46.8939, 46.1406, 45.3531, 44.5408, 43.7118, 42.8731, 42.0302, 41.1881, 40.3506, 39.5209, 38.7017, 37.8951, 37.1025, 36.3253, 35.5643, 34.8203, 34.0934, 33.3841, 32.6924, 32.0182, 31.3614, 30.7217, 30.0989, 29.4926, 28.9024
14.323, 17.2346, 20.3914, 23.712, 27.105, 30.478, 33.7446, 36.83, 39.6746, 42.2348, 44.4832, 46.4068, 48.0046, 49.2859, 50.2667, 50.9687, 51.4164, 51.6359, 51.6537, 51.4956, 51.1863, 50.7486, 50.2035, 49.57, 48.8648, 48.1029, 47.2972, 46.459, 45.5977, 44.7217, 43.8378, 42.9517, 42.0683, 41.1914, 40.3242, 39.4693, 38.6287, 37.8038, 36.9959, 36.2058, 35.4339, 34.6808, 33.9465, 33.231, 32.5342, 31.8559, 31.1958, 30.5536, 29.9288, 29.3211
15.3599, 18.4153, 21.716, 25.175, 28.6963, 32.1834, 35.5469, 38.7104, 41.6134, 44.2129, 46.4823, 48.4102, 49.9976, 51.2556, 52.2024, 52.8616, 53.2595, 53.424, 53.3829, 53.1635, 52.7913, 52.2902, 51.6819, 50.9859, 50.2194, 49.3978, 48.5342, 47.64, 46.725, 45.7974, 44.8642, 43.931, 43.0026, 42.083, 41.1752, 40.2816, 39.4042, 38.5445, 37.7036, 36.882, 36.0805, 35.2991, 34.538, 33.797, 33.0761, 32.3749, 31.6931, 31.0302, 30.3858, 29.7594
16.5727, 19.7869, 23.2449, 26.854, 30.5126, 34.12, 37.5839, 40.8262, 43.7861, 46.421, 48.7058, 50.6309, 52.1996, 53.4252, 54.3285, 54.9351, 55.2734, 55.373, 55.2636, 54.9734, 54.5295, 53.9565, 53.2768, 52.5107, 51.6758, 50.7877, 49.8599, 48.904, 47.9298, 46.9455, 45.9582, 44.9735, 43.9961, 43.0299, 42.0779, 41.1425, 40.2254, 39.328, 38.4514, 37.596, 36.7624, 35.9507, 35.1609, 34.3927, 33.6459, 32.9202, 32.2152, 31.5302, 30.8649, 30.2186
18.0072, 21.3969, 25.027, 28.7981, 32.603, 36.3363, 39.9029, 43.2231, 46.2361, 48.9003, 51.1924, 53.1052, 54.6444, 55.8262, 56.674, 57.2158, 57.4824, 57.5053, 57.3159, 56.9441, 56.4178, 55.7628, 55.0024, 54.1572, 53.2456, 52.2833, 51.2841, 50.2597, 49.22, 48.1733, 47.1265, 46.0853, 45.0544, 44.0374, 43.0373, 42.0562, 41.096, 40.1579, 39.2427, 38.3509, 37.4828, 36.6384, 35.8176, 35.0202, 34.2458, 33.4939, 32.7639, 32.0554, 31.3678, 30.7003
19.7258, 23.309, 27.1267, 31.072, 35.0312, 38.8946, 42.5641, 45.9588, 49.0183, 51.7025, 53.9905, 55.8778, 57.3734, 58.4966, 59.2738, 59.7357, 59.9157, 59.8474, 59.5642, 59.0973, 58.4761, 57.7273, 56.875, 55.9404, 54.9423, 53.8968, 52.8178, 51.7172, 50.6049, 49.4891, 48.3768, 47.2736, 46.1838, 45.1112, 44.0585, 43.0279, 42.0208, 41.0384, 40.0813, 39.15, 38.2447, 37.3651, 36.511, 35.6822, 34.878, 34.0979, 33.3414, 32.6077, 31.8961, 31.2061
21.8146, 25.6104, 29.6311, 33.7616, 37.8816, 41.8765, 45.6455, 49.1074, 52.2023, 54.8926, 57.1602, 59.0044, 60.4377, 61.4831, 62.1704, 62.5335, 62.6083, 62.4312, 62.0371, 61.4591, 60.7279, 59.8711, 58.9137, 57.8775, 56.7816, 55.6424, 54.474, 53.2882, 52.095, 50.9027, 49.7179, 48.5461, 47.3917, 46.258, 45.1478, 44.0629, 43.0046, 41.974, 40.9716, 39.9975, 39.0517, 38.134, 37.2441, 36.3813, 35.5451, 34.7348, 33.9497, 33.189, 32.4519, 31.7376
24.3954, 28.4221, 32.6597, 36.9838, 41.2669, 45.3899, 49.2496, 52.7649, 55.8778, 58.5535, 60.7781, 62.5549, 63.9011, 64.8437, 65.4163, 65.6565, 65.6031, 65.295, 64.7693, 64.0607, 63.2012, 62.2196, 61.1414, 59.9891, 58.782, 57.5368, 56.2676, 54.9863, 53.7027, 52.425, 51.1597, 49.912, 48.6862, 47.4853, 46.3118, 45.1674, 44.0533, 42.9701, 41.9181, 40.8975, 39.9079, 38.949, 38.0202, 37.1208, 36.2501, 35.4073, 34.5914, 33.8017, 33.0372, 32.297
27.6445, 31.9169, 36.3803, 40.9, 45.3413, 49.5803, 53.5127, 57.0582, 60.1616, 62.7926, 64.9419, 66.6182, 67.8438, 68.6506, 69.0766, 69.1632, 68.9525, 68.4859, 67.8028, 66.9396, 65.9297, 64.8027, 63.5849, 62.2991, 60.965, 59.5993, 58.2161, 56.8271, 55.4421, 54.0689, 52.7138, 51.3818, 50.0768, 48.8017, 47.5585, 46.3487, 45.1732, 44.0324, 42.9264, 41.855, 40.8178, 39.8141, 38.8431, 37.9041, 36.9961, 36.1182, 35.2692, 34.4483, 33.6543, 32.8863
31.8245, 36.3471, 41.0338, 45.7387, 50.3192, 54.6479, 58.62, 62.1572, 65.2091, 67.7505, 69.7787, 71.3086, 72.3685, 72.9957, 73.2333, 73.1265, 72.7212, 72.0615, 71.1889, 70.1416, 68.954, 67.6568, 66.2765, 64.8365, 63.3564, 61.8529, 60.3399, 58.8291, 57.3296, 55.8491, 54.3936, 52.9675, 51.5745, 50.2169, 48.8966, 47.6147, 46.3717, 45.1677, 44.0025, 42.8756, 41.7864, 40.7339, 39.7172, 38.7352, 37.7868, 36.8708, 35.9861, 35.1315, 34.3058, 33.5079
37.3388, 42.0921, 46.9756, 51.8304, 56.5065, 60.8734, 64.8273, 68.2941, 71.2293, 73.6151, 75.4564, 76.7755, 77.6077, 77.9965, 77.9902, 77.6385, 76.9907, 76.0937, 74.9911, 73.7227, 72.3237, 70.8255, 69.2551, 67.6356, 65.9867, 64.3248, 62.6635, 61.0138, 59.3847, 57.7831, 56.2145, 54.683, 53.1917, 51.7424, 50.3365, 48.9747, 47.6572, 46.3835, 45.1533, 43.9656, 42.8195, 41.7137, 40.6471, 39.6183, 38.626, 37.6689, 36.7455, 35.8545, 34.9946, 34.1644
44.8289, 49.7412, 54.7453, 59.6675, 64.3499, 68.6599, 72.4966, 75.792, 78.5096, 80.6409, 82.1996, 83.2168, 83.7354, 83.8057, 83.4812, 82.8164, 81.8637, 80.6726, 79.2885, 77.7522, 76.0997, 74.3626, 72.5678, 70.7382, 68.8929, 67.0477, 65.2157, 63.4071, 61.6302, 59.8912, 58.1949, 56.5447, 54.943, 53.3912, 51.89, 50.4394, 49.0392, 47.6886, 46.3867, 45.1321, 43.9235, 42.7594, 41.6382, 40.5585, 39.5184, 38.5165, 37.5511, 36.6207, 35.7238, 34.8589
55.3587, 60.2444, 65.1914, 70.0062, 74.521, 78.602, 82.1521, 85.1114, 87.4535, 89.18, 90.3153, 90.8995, 90.9837, 90.6246, 89.8813, 88.812, 87.472, 85.9127, 84.1806, 82.317, 80.3579, 78.3343, 76.2727, 74.195, 72.1195, 70.0609, 68.0312, 66.0396, 64.0932, 62.1975, 60.3561, 58.5717, 56.8456, 55.1786, 53.5706, 52.021, 50.5289, 49.093, 47.7116, 46.3832, 45.1058, 43.8777, 42.6968, 41.5612, 40.469, 39.4183, 38.4073, 37.4341, 36.4971, 35.5945
70.7769, 75.2001, 79.7002, 84.0494, 88.0632, 91.6027, 94.5741, 96.9253, 98.6399, 99.7304, 100.231, 100.19, 99.6671, 98.7234, 97.4222, 95.8244, 93.9869, 91.9616, 89.7948, 87.5271, 85.1933, 82.8233, 80.4416, 78.0688, 75.7213, 73.4122, 71.1519, 68.9481, 66.8063, 64.7307, 62.7236, 60.7864, 58.9195, 57.1225, 55.3944, 53.7339, 52.1391, 50.608, 49.1385, 47.7283, 46.375, 45.0762, 43.8296, 42.6328, 41.4835, 40.3795, 39.3187, 38.2989, 37.3183, 36.3749
94.4796, 97.4354, 100.641, 103.792, 106.658, 109.082, 110.961, 112.245, 112.923, 113.013, 112.555, 111.604, 110.221, 108.47, 106.416, 104.119, 101.634, 99.0118, 96.2956, 93.5234, 90.7271, 87.9335, 85.1643, 82.4371, 79.7655, 77.1602, 74.629, 72.1773, 69.8087, 67.5252, 65.3277, 63.2157, 61.1884, 59.2439, 57.3801, 55.5946, 53.8845, 52.2471, 50.6793, 49.1782, 47.7406, 46.3637, 45.0446, 43.7804, 42.5684, 41.406, 40.2907, 39.2202, 38.192, 37.2042
133.126, 132.252, 132.285, 132.699, 133.136, 133.358, 133.22, 132.643, 131.6, 130.101, 128.179, 125.88, 123.261, 120.379, 117.293, 114.056, 110.717, 107.319, 103.899, 100.489, 97.115, 93.798, 90.5546, 87.3976, 84.3365, 81.3776, 78.5254, 75.7819, 73.1479, 70.6227, 68.2048, 65.8917, 63.6805, 61.5677, 59.5498, 57.6228, 55.7828, 54.0259, 52.348, 50.7453, 49.2139, 47.7503, 46.3509, 45.0122, 43.7311, 42.5046, 41.3296, 40.2034, 39.1233, 38.0871
