6.53304e+06, 6.52544e+06, 6.50407e+06, 6.46906e+06, 6.42063e+06, 6.3591e+06, 6.28484e+06, 6.19831e+06, 6.10005e+06, 5.99065e+06, 5.87078e+06, 5.74114e+06, 5.6025e+06, 5.45564e+06, 5.3014e+06, 5.14063e+06, 4.97419e+06, 4.80297e+06, 4.62784e+06, 4.44966e+06, 4.2693e+06, 4.08759e+06, 3.90534e+06, 3.72332e+06, 3.54229e+06, 3.36293e+06, 3.1859e+06, 3.01181e+06, 2.84121e+06, 2.67461e+06, 2.51246e+06, 2.35514e+06, 2.20301e+06, 2.05635e+06, 1.91539e+06, 1.78033e+06, 1.65129e+06, 1.52836e+06, 1.41159e+06, 1.30099e+06, 1.19652e+06, 1.09811e+06, 1.00567e+06, 919059, 838132, 762715, 692617, 627631, 567541, 512118
4.88759e+06, 4.8819e+06, 4.86591e+06, 4.83972e+06, 4.80349e+06, 4.75746e+06, 4.7019e+06, 4.63717e+06, 4.56365e+06, 4.48181e+06, 4.39213e+06, 4.29514e+06, 4.19142e+06, 4.08155e+06, 3.96616e+06, 3.84588e+06, 3.72136e+06, 3.59327e+06, 3.46224e+06, 3.32894e+06, 3.19401e+06, 3.05807e+06, 2.92172e+06, 2.78555e+06, 2.65011e+06, 2.51592e+06, 2.38348e+06, 2.25324e+06, 2.12561e+06, 2.00097e+06, 1.87965e+06, 1.76196e+06, 1.64815e+06, 1.53842e+06, 1.43297e+06, 1.33192e+06, 1.23538e+06, 1.14342e+06, 1.05606e+06, 973317, 895159, 821537, 752375, 687579, 627035, 570613, 518170, 469552, 424596, 383133
3.65657e+06, 3.65232e+06, 3.64036e+06, 3.62076e+06, 3.59366e+06, 3.55922e+06, 3.51765e+06, 3.46922e+06, 3.41422e+06, 3.353e+06, 3.2859e+06, 3.21334e+06, 3.13574e+06, 3.05355e+06, 2.96722e+06, 2.87723e+06, 2.78408e+06, 2.68824e+06, 2.59022e+06, 2.4905e+06, 2.38955e+06, 2.28784e+06, 2.18584e+06, 2.08396e+06, 1.98263e+06, 1.88225e+06, 1.78316e+06, 1.68572e+06, 1.59024e+06, 1.49699e+06, 1.40623e+06, 1.31818e+06, 1.23303e+06, 1.15095e+06, 1.07205e+06, 996457, 924232, 855430, 790076, 728172, 669699, 614620, 562878, 514401, 469106, 426895, 387661, 351288, 317655, 286635
2.73561e+06, 2.73242e+06, 2.72347e+06, 2.70881e+06, 2.68854e+06, 2.66277e+06, 2.63167e+06, 2.59544e+06, 2.5543e+06, 2.50849e+06, 2.45829e+06, 2.40401e+06, 2.34596e+06, 2.28446e+06, 2.21988e+06, 2.15256e+06, 2.08286e+06, 2.01117e+06, 1.93783e+06, 1.86322e+06, 1.7877e+06, 1.71161e+06, 1.6353e+06, 1.55908e+06, 1.48328e+06, 1.40817e+06, 1.33404e+06, 1.26115e+06, 1.18971e+06, 1.11995e+06, 1.05205e+06, 986178, 922475, 861063, 802040, 745483, 691450, 639976, 591083, 544770, 501025, 459818, 421108, 384841, 350954, 319375, 290022, 262811, 237649, 214441
2.0466e+06, 2.04422e+06, 2.03752e+06, 2.02656e+06, 2.01139e+06, 1.99211e+06, 1.96885e+06, 1.94174e+06, 1.91096e+06, 1.87669e+06, 1.83913e+06, 1.79852e+06, 1.75509e+06, 1.70908e+06, 1.66076e+06, 1.6104e+06, 1.55826e+06, 1.50462e+06, 1.44976e+06, 1.39394e+06, 1.33744e+06, 1.28052e+06, 1.22342e+06, 1.1664e+06, 1.10969e+06, 1.0535e+06, 998044, 943507, 890064, 837873, 787075, 737793, 690135, 644191, 600033, 557721, 517297, 478788, 442209, 407561, 374834, 344005, 315045, 287913, 262561, 238935, 216976, 196618, 177793, 160431
1.53113e+06, 1.52935e+06, 1.52434e+06, 1.51614e+06, 1.50479e+06, 1.49036e+06, 1.47296e+06, 1.45268e+06, 1.42965e+06, 1.40401e+06, 1.37592e+06, 1.34554e+06, 1.31304e+06, 1.27862e+06, 1.24247e+06, 1.2048e+06, 1.16579e+06, 1.12566e+06, 1.08461e+06, 1.04286e+06, 1.00058e+06, 957997, 915284, 872625, 830196, 788160, 746671, 705870, 665887, 626841, 588838, 551968, 516314, 481941, 448905, 417250, 387007, 358198, 330832, 304910, 280426, 257362, 235696, 215397, 196431, 178756, 162327, 147096, 133013, 120024
1.14549e+06, 1.14416e+06, 1.14041e+06, 1.13427e+06, 1.12578e+06, 1.11499e+06, 1.10197e+06, 1.0868e+06, 1.06957e+06, 1.05039e+06, 1.02937e+06, 1.00664e+06, 982331, 956582, 929537, 901348, 872166, 842144, 811436, 780196, 748571, 716710, 684755, 652841, 621098, 589650, 558610, 528085, 498173, 468961, 440529, 412946, 386272, 360556, 335841, 312159, 289533, 267980, 247506, 228114, 209796, 192541, 176332, 161146, 146957, 133733, 121442, 110048, 99511.5, 89793.8
856981, 855984, 853180, 848588, 842236, 834164, 824422, 813072, 800183, 785832, 770108, 753102, 734915, 715651, 695419, 674329, 652497, 630037, 607063, 583691, 560032, 536195, 512288, 488412, 464665, 441137, 417915, 395078, 372700, 350846, 329575, 308939, 288983, 269744, 251254, 233537, 216610, 200485, 185168, 170660, 156956, 144047, 131920, 120559, 109943, 100050, 90855, 82330.4, 74448, 67177.8
641137, 640391, 638293, 634858, 630105, 624066, 616778, 608287, 598644, 587908, 576144, 563422, 549815, 535403, 520266, 504489, 488155, 471352, 454165, 436679, 418979, 401146, 383260, 365398, 347631, 330030, 312656, 295572, 278830, 262480, 246566, 231128, 216198, 201805, 187972, 174717, 162053, 149990, 138530, 127676, 117424, 107766, 98693.9, 90194.2, 82252.2, 74851, 67971.7, 61594.2, 55697.1, 50258
479656, 479098, 477529, 474959, 471403, 466885, 461433, 455080, 447866, 439834, 431033, 421515, 411335, 400553, 389229, 377425, 365205, 352634, 339776, 326694, 313452, 300111, 286730, 273367, 260075, 246906, 233909, 221127, 208602, 196370, 184465, 172915, 161745, 150977, 140628, 130712, 121237, 112212, 103639, 95519, 87848.7, 80623.6, 73836.3, 67477.3, 61535.7, 55998.6, 50852, 46080.7, 41668.9, 37599.7
358847, 358430, 357256, 355333, 352673, 349293, 345214, 340461, 335064, 329055, 322470, 315350, 307734, 299667, 291195, 282365, 273223, 263818, 254198, 244411, 234504, 224523, 214513, 204515, 194571, 184719, 174995, 165433, 156062, 146911, 138004, 129363, 121007, 112951, 105209, 97789.8, 90701.9, 83949.8, 77536.1, 71461, 65722.6, 60317.3, 55239.4, 50482.1, 46036.9, 41894.4, 38044.1, 34474.6, 31173.9, 28129.6
268466, 268153, 267275, 265836, 263846, 261318, 258266, 254710, 250672, 246177, 241251, 235924, 230226, 224191, 217853, 211247, 204407, 197371, 190174, 182852, 175441, 167973, 160484, 153005, 145565, 138195, 130920, 123766, 116755, 109909, 103246, 96781.1, 90529.5, 84502.6, 78710.2, 73159.9, 67857.2, 62805.7, 58007.4, 53462.4, 49169.3, 45125.4, 41326.5, 37767.4, 34441.8, 31342.7, 28462.1, 25791.6, 23322.2, 21044.7
200848, 200615, 199958, 198881, 197393, 195501, 193218, 190557, 187537, 184173, 180488, 176503, 172240, 167725, 162983, 158041, 152924, 147660, 142276, 136798, 131253, 125667, 120064, 114468, 108902, 103388, 97945.6, 92593.5, 87348.7, 82226.8, 77241.6, 72405.2, 67728.2, 63219.3, 58885.8, 54733.4, 50766.3, 46987.1, 43397.3, 39997, 36785.3, 33759.8, 30917.8, 28255.1, 25767.1, 23448.5, 21293.4, 19295.6, 17448.2, 15744.3
150261, 150087, 149595, 148790, 147676, 146261, 144553, 142563, 140303, 137786, 135029, 132048, 128859, 125481, 121933, 118236, 114408, 110469, 106441, 102343, 98194.9, 94015.5, 89823.7, 85637.3, 81473.4, 77348.1, 73276.4, 69272.3, 65348.5, 61516.7, 57787.1, 54168.8, 50669.7, 47296.5, 44054.5, 40947.9, 37980, 35152.6, 32467, 29923.1, 27520.3, 25256.9, 23130.6, 21138.6, 19277.2, 17542.6, 15930.4, 14435.7, 13053.6, 11778.8
112416, 112285, 111917, 111315, 110481, 109423, 108145, 106656, 104965, 103083, 101020, 98789.3, 96403.6, 93876.6, 91222.5, 88456.1, 85592.2, 82646, 79632.4, 76566.5, 73463, 70336.2, 67200.2, 64068.2, 60953, 57866.8, 54820.6, 51825, 48889.5, 46022.7, 43232.5, 40525.5, 37907.8, 35384.1, 32958.6, 30634.5, 28414.1, 26298.9, 24289.7, 22386.5, 20588.9, 18895.5, 17304.8, 15814.5, 14422, 13124.2, 11918, 10799.8, 9765.82, 8812.15
84102, 84004.2, 83729, 83278.3, 82655, 81862.8, 80906.8, 79792.9, 78528, 77119.7, 75576.5, 73907.6, 72122.8, 70232.3, 68246.7, 66177, 64034.5, 61830.3, 59575.7, 57282, 54960.1, 52620.9, 50274.7, 47931.6, 45601, 43292.1, 41013.2, 38772, 36575.9, 34431.2, 32343.7, 30318.5, 28360.1, 26472.1, 24657.5, 22918.7, 21257.6, 19675.1, 18171.9, 16748.1, 15403.2, 14136.4, 12946.3, 11831.4, 10789.6, 9818.69, 8916.29, 8079.71, 7306.14, 6592.67
62919.6, 62846.4, 62640.5, 62303.4, 61837, 61244.3, 60529.1, 59695.8, 58749.4, 57695.8, 56541.4, 55292.8, 53957.5, 52543.1, 51057.7, 49509.3, 47906.4, 46257.3, 44570.6, 42854.6, 41117.5, 39367.5, 37612.2, 35859.3, 34115.7, 32388.3, 30683.3, 29006.7, 27363.7, 25759.1, 24197.4, 22682.3, 21217.1, 19804.6, 18447.1, 17146.3, 15903.5, 14719.6, 13595, 12529.8, 11523.7, 10575.9, 9685.58, 8851.44, 8072.03, 7345.69, 6670.58, 6044.7, 5465.97, 4932.2
47072.3, 47017.5, 46863.5, 46611.3, 46262.4, 45819, 45283.9, 44660.4, 43952.4, 43164.2, 42300.5, 41366.4, 40367.5, 39309.3, 38198, 37039.6, 35840.4, 34606.7, 33344.8, 32061, 30761.4, 29452.2, 28139, 26827.5, 25523.1, 24230.8, 22955.2, 21700.9, 20471.7, 19271.3, 18102.9, 16969.4, 15873.3, 14816.5, 13800.9, 12827.7, 11897.9, 11012.2, 10170.9, 9374, 8621.26, 7912.2, 7246.11, 6622.06, 6038.96, 5495.56, 4990.49, 4522.25, 4089.28, 3689.95
35216.4, 35175.4, 35060.2, 34871.5, 34610.4, 34278.7, 33878.4, 33412, 32882.3, 32292.6, 31646.4, 30947.6, 30200.3, 29408.6, 28577.2, 27710.6, 26813.4, 25890.4, 24946.4, 23985.9, 23013.7, 22034.2, 21051.7, 20070.6, 19094.7, 18127.9, 17173.6, 16235.2, 15315.6, 14417.5, 13543.4, 12695.4, 11875.3, 11084.8, 10324.9, 9596.85, 8901.26, 8238.63, 7609.2, 7013.01, 6449.86, 5919.39, 5421.06, 4954.19, 4517.95, 4111.42, 3733.55, 3383.25, 3059.33, 2760.57
26346.6, 26315.9, 26229.7, 26088.5, 25893.2, 25645.1, 25345.6, 24996.7, 24600.4, 24159.2, 23675.8, 23153, 22593.8, 22001.6, 21379.6, 20731.2, 20060, 19369.5, 18663.2, 17944.7, 17217.3, 16484.5, 15749.5, 15015.5, 14285.4, 13562.1, 12848.2, 12146.1, 11458.1, 10786.2, 10132.3, 9497.86, 8884.34, 8292.88, 7724.43, 7179.73, 6659.34, 6163.6, 5692.7, 5246.67, 4825.36, 4428.5, 4055.68, 3706.4, 3380.03, 3075.89, 2793.2, 2531.12, 2288.79, 2065.28
19710.8, 19687.8, 19623.3, 19517.7, 19371.6, 19186, 18961.9, 18700.8, 18404.4, 18074.3, 17712.7, 17321.5, 16903.2, 16460.1, 15994.8, 15509.7, 15007.6, 14491, 13962.6, 13425, 12880.9, 12332.6, 11782.8, 11233.6, 10687.4, 10146.3, 9612.14, 9086.9, 8572.19, 8069.54, 7580.3, 7105.67, 6646.68, 6204.19, 5778.91, 5371.4, 4982.08, 4611.2, 4258.91, 3925.21, 3610.01, 3313.11, 3034.19, 2772.88, 2528.72, 2301.18, 2089.69, 1893.62, 1712.32, 1545.11
14746.3, 14729.1, 14680.9, 14601.9, 14492.6, 14353.7, 14186, 13990.7, 13768.9, 13522, 13251.4, 12958.8, 12645.9, 12314.4, 11966.2, 11603.4, 11227.7, 10841.2, 10445.9, 10043.7, 9636.61, 9226.45, 8815.08, 8404.24, 7995.6, 7590.75, 7191.17, 6798.22, 6413.15, 6037.1, 5671.08, 5315.99, 4972.6, 4641.56, 4323.4, 4018.53, 3727.26, 3449.79, 3186.23, 2936.58, 2700.77, 2478.65, 2269.98, 2074.49, 1891.82, 1721.59, 1563.37, 1416.68, 1281.05, 1155.95
11032.2, 11019.4, 10983.3, 10924.2, 10842.4, 10738.5, 10613.1, 10466.9, 10301, 10116.3, 9913.86, 9694.94, 9460.81, 9212.82, 8952.36, 8680.86, 8399.81, 8110.67, 7814.93, 7514.05, 7209.47, 6902.62, 6594.86, 6287.49, 5981.78, 5678.9, 5379.96, 5085.98, 4797.89, 4516.56, 4242.73, 3977.08, 3720.17, 3472.51, 3234.48, 3006.4, 2788.49, 2580.91, 2383.73, 2196.96, 2020.54, 1854.36, 1698.25, 1551.99, 1415.34, 1287.98, 1169.61, 1059.87, 958.393, 864.803
8253.57, 8243.96, 8216.96, 8172.73, 8111.56, 8033.81, 7939.99, 7830.68, 7706.54, 7568.33, 7416.89, 7253.11, 7077.95, 6892.42, 6697.56, 6494.45, 6284.18, 6067.87, 5846.61, 5621.51, 5393.65, 5164.09, 4933.84, 4703.89, 4475.17, 4248.58, 4024.93, 3804.99, 3589.47, 3378.99, 3174.13, 2975.39, 2783.19, 2597.9, 2419.83, 2249.19, 2086.16, 1930.87, 1783.35, 1643.62, 1511.64, 1387.31, 1270.52, 1161.1, 1058.86, 963.582, 875.023, 792.923, 717.007, 646.988
6174.77, 6167.59, 6147.39, 6114.3, 6068.53, 6010.37, 5940.18, 5858.4, 5765.53, 5662.13, 5548.83, 5426.3, 5295.26, 5156.45, 5010.67, 4858.72, 4701.41, 4539.58, 4374.05, 4205.65, 4035.18, 3863.43, 3691.17, 3519.14, 3348.03, 3178.51, 3011.19, 2846.64, 2685.4, 2527.94, 2374.67, 2225.99, 2082.2, 1943.58, 1810.35, 1682.69, 1560.73, 1444.55, 1334.18, 1229.65, 1130.91, 1037.89, 950.519, 868.658, 792.17, 720.888, 654.634, 593.212, 536.417, 484.034
4619.56, 4614.18, 4599.07, 4574.32, 4540.07, 4496.56, 4444.05, 4382.87, 4313.39, 4236.03, 4151.27, 4059.6, 3961.56, 3857.72, 3748.66, 3634.97, 3517.29, 3396.21, 3272.38, 3146.39, 3018.85, 2890.36, 2761.49, 2632.79, 2504.78, 2377.95, 2252.77, 2129.67, 2009.04, 1891.24, 1776.57, 1665.34, 1557.76, 1454.06, 1354.39, 1258.88, 1167.64, 1080.71, 998.148, 919.941, 846.069, 776.484, 711.115, 649.873, 592.649, 539.321, 489.754, 443.802, 401.312, 362.122
3456.05, 3452.03, 3440.72, 3422.2, 3396.58, 3364.03, 3324.75, 3278.97, 3226.99, 3169.12, 3105.7, 3037.12, 2963.78, 2886.09, 2804.5, 2719.45, 2631.4, 2540.82, 2448.18, 2353.92, 2258.51, 2162.38, 2065.97, 1969.68, 1873.91, 1779.02, 1685.37, 1593.28, 1503.03, 1414.9, 1329.12, 1245.9, 1165.42, 1087.83, 1013.26, 941.812, 873.548, 808.519, 746.749, 688.239, 632.973, 580.914, 532.01, 486.192, 443.381, 403.484, 366.402, 332.024, 300.235, 270.916
2585.59, 2582.58, 2574.12, 2560.26, 2541.1, 2516.75, 2487.36, 2453.11, 2414.22, 2370.93, 2323.48, 2272.18, 2217.3, 2159.18, 2098.14, 2034.51, 1968.64, 1900.88, 1831.56, 1761.05, 1689.66, 1617.75, 1545.62, 1473.58, 1401.93, 1330.95, 1260.89, 1191.99, 1124.47, 1058.53, 994.357, 932.097, 871.887, 813.843, 758.057, 704.601, 653.531, 604.88, 558.668, 514.895, 473.549, 434.602, 398.015, 363.737, 331.708, 301.86, 274.118, 248.398, 224.616, 202.681
1934.37, 1932.12, 1925.79, 1915.42, 1901.08, 1882.86, 1860.87, 1835.26, 1806.16, 1773.77, 1738.28, 1699.89, 1658.84, 1615.36, 1569.69, 1522.09, 1472.81, 1422.11, 1370.25, 1317.5, 1264.1, 1210.29, 1156.33, 1102.44, 1048.83, 995.728, 943.312, 891.766, 841.254, 791.925, 743.912, 697.333, 652.289, 608.864, 567.128, 527.136, 488.929, 452.532, 417.959, 385.211, 354.278, 325.14, 297.768, 272.124, 248.162, 225.832, 205.077, 185.835, 168.043, 151.633
1447.17, 1445.48, 1440.75, 1432.99, 1422.26, 1408.63, 1392.18, 1373.02, 1351.25, 1327.02, 1300.46, 1271.75, 1241.04, 1208.5, 1174.34, 1138.72, 1101.86, 1063.93, 1025.13, 985.666, 945.713, 905.461, 865.09, 824.771, 784.669, 744.938, 705.724, 667.16, 629.37, 592.466, 556.546, 521.699, 487.999, 455.512, 424.288, 394.369, 365.784, 338.554, 312.689, 288.189, 265.047, 243.249, 222.771, 203.585, 185.659, 168.953, 153.425, 139.03, 125.719, 113.442
1082.67, 1081.41, 1077.87, 1072.07, 1064.04, 1053.85, 1041.54, 1027.2, 1010.92, 992.787, 972.921, 951.437, 928.461, 904.123, 878.562, 851.919, 824.337, 795.961, 766.938, 737.41, 707.52, 677.406, 647.203, 617.039, 587.037, 557.314, 527.976, 499.125, 470.853, 443.244, 416.371, 390.301, 365.089, 340.784, 317.424, 295.041, 273.656, 253.284, 233.933, 215.604, 198.291, 181.983, 166.662, 152.309, 138.898, 126.399, 114.782, 104.013, 94.0544, 84.8696
809.985, 809.042, 806.393, 802.052, 796.048, 788.419, 779.212, 768.484, 756.301, 742.738, 727.876, 711.803, 694.613, 676.405, 657.282, 637.349, 616.714, 595.486, 573.772, 551.682, 529.32, 506.791, 484.195, 461.628, 439.183, 416.945, 394.997, 373.413, 352.261, 331.606, 311.501, 291.997, 273.135, 254.952, 237.476, 220.73, 204.731, 189.49, 175.013, 161.301, 148.348, 136.147, 124.686, 113.948, 103.914, 94.5636, 85.8726, 77.8155, 70.3653, 63.4938
605.977, 605.272, 603.29, 600.042, 595.551, 589.843, 582.955, 574.929, 565.814, 555.667, 544.549, 532.524, 519.664, 506.042, 491.735, 476.823, 461.385, 445.503, 429.259, 412.732, 396.002, 379.147, 362.243, 345.36, 328.567, 311.931, 295.511, 279.363, 263.539, 248.086, 233.045, 218.453, 204.342, 190.738, 177.664, 165.135, 153.166, 141.764, 130.934, 120.675, 110.984, 101.856, 93.2816, 85.248, 77.7416, 70.7462, 64.2442, 58.2164, 52.6427, 47.5019
453.352, 452.825, 451.342, 448.912, 445.552, 441.282, 436.128, 430.124, 423.305, 415.714, 407.395, 398.399, 388.778, 378.587, 367.884, 356.727, 345.178, 333.296, 321.143, 308.779, 296.263, 283.653, 271.006, 258.375, 245.813, 233.366, 221.081, 209.001, 197.162, 185.601, 174.349, 163.432, 152.875, 142.698, 132.916, 123.543, 114.589, 106.059, 97.9558, 90.2808, 83.0312, 76.2023, 69.7871, 63.7769, 58.1611, 52.9277, 48.0633, 43.5537, 39.3838, 35.5378
339.168, 338.774, 337.664, 335.846, 333.332, 330.138, 326.282, 321.79, 316.689, 311.01, 304.786, 298.056, 290.858, 283.234, 275.226, 266.88, 258.239, 249.35, 240.258, 231.008, 221.644, 212.211, 202.749, 193.299, 183.901, 174.589, 165.399, 156.361, 147.504, 138.855, 130.436, 122.269, 114.371, 106.757, 99.4392, 92.4271, 85.7278, 79.3461, 73.2841, 67.5421, 62.1184, 57.0095, 52.2101, 47.7137, 43.5123, 39.597, 35.9578, 32.584, 29.4643, 26.587
253.743, 253.448, 252.618, 251.258, 249.377, 246.987, 244.103, 240.742, 236.926, 232.677, 228.021, 222.986, 217.601, 211.897, 205.906, 199.662, 193.198, 186.547, 179.745, 172.825, 165.82, 158.762, 151.683, 144.614, 137.582, 130.616, 123.74, 116.979, 110.353, 103.882, 97.5838, 91.4737, 85.5649, 79.8685, 74.3938, 69.1478, 64.1359, 59.3615, 54.8263, 50.5306, 46.4729, 42.6507, 39.0602, 35.6962, 32.553, 29.6238, 26.9012, 24.3772, 22.0433, 19.8907
189.834, 189.613, 188.992, 187.975, 186.568, 184.78, 182.622, 180.107, 177.252, 174.073, 170.59, 166.823, 162.795, 158.527, 154.045, 149.374, 144.538, 139.562, 134.473, 129.296, 124.055, 118.775, 113.479, 108.191, 102.93, 97.7183, 92.5743, 87.5157, 82.5586, 77.7176, 73.0057, 68.4346, 64.014, 59.7524, 55.6565, 51.7319, 47.9823, 44.4103, 41.0174, 37.8036, 34.768, 31.9085, 29.2222, 26.7056, 24.354, 22.1626, 20.1257, 18.2374, 16.4913, 14.8809
142.021, 141.856, 141.391, 140.63, 139.578, 138.24, 136.626, 134.744, 132.608, 130.23, 127.624, 124.806, 121.792, 118.6, 115.247, 111.752, 108.134, 104.411, 100.604, 96.7308, 92.81, 88.8598, 84.8978, 80.941, 77.0055, 73.1064, 69.258, 65.4735, 61.7649, 58.1431, 54.6181, 51.1982, 47.891, 44.7028, 41.6386, 38.7024, 35.8972, 33.2249, 30.6865, 28.2822, 26.0111, 23.8718, 21.8622, 19.9793, 18.2201, 16.5806, 15.0567, 13.644, 12.3377, 11.1329
106.251, 106.127, 105.78, 105.21, 104.423, 103.422, 102.214, 100.807, 99.2089, 97.4297, 95.4801, 93.3717, 91.1169, 88.7284, 86.2199, 83.6052, 80.8984, 78.1137, 75.2654, 72.3676, 69.4343, 66.479, 63.5149, 60.5547, 57.6104, 54.6934, 51.8143, 48.9829, 46.2084, 43.4989, 40.8616, 38.3031, 35.8289, 33.4437, 31.1512, 28.9546, 26.8559, 24.8567, 22.9576, 21.1589, 19.4598, 17.8593, 16.3558, 14.9472, 13.6311, 12.4045, 11.2645, 10.2076, 9.23027, 8.32889
79.4899, 79.3974, 79.1374, 78.7114, 78.1222, 77.3735, 76.4699, 75.4171, 74.2215, 72.8905, 71.4319, 69.8546, 68.1676, 66.3808, 64.5041, 62.5479, 60.5228, 58.4395, 56.3086, 54.1407, 51.9462, 49.7352, 47.5177, 45.303, 43.1003, 40.918, 38.764, 36.6458, 34.5701, 32.543, 30.57, 28.6559, 26.8048, 25.0203, 23.3053, 21.6619, 20.0918, 18.5961, 17.1754, 15.8297, 14.5585, 13.3612, 12.2363, 11.1825, 10.1979, 9.28024, 8.42733, 7.63662, 6.90548, 6.23113
59.4691, 59.3999, 59.2054, 58.8867, 58.4459, 57.8857, 57.2097, 56.4221, 55.5276, 54.5318, 53.4407, 52.2606, 50.9985, 49.6617, 48.2577, 46.7942, 45.2792, 43.7206, 42.1264, 40.5045, 38.8627, 37.2086, 35.5496, 33.8928, 32.2448, 30.6121, 29.0007, 27.416, 25.863, 24.3465, 22.8704, 21.4384, 20.0536, 18.7186, 17.4355, 16.206, 15.0314, 13.9124, 12.8495, 11.8427, 10.8917, 9.99594, 9.15443, 8.36603, 7.62937, 6.94286, 6.30477, 5.71322, 5.16622, 4.66172
44.4909, 44.4391, 44.2936, 44.0551, 43.7254, 43.3063, 42.8006, 42.2113, 41.5421, 40.7971, 39.9808, 39.0979, 38.1537, 37.1536, 36.1032, 35.0083, 33.8749, 32.7089, 31.5162, 30.3028, 29.0745, 27.837, 26.5959, 25.3563, 24.1234, 22.902, 21.6964, 20.5108, 19.349, 18.2145, 17.1102, 16.0388, 15.0028, 14.004, 13.0441, 12.1243, 11.2455, 10.4083, 9.61314, 8.85993, 8.14848, 7.4783, 6.84874, 6.25891, 5.70779, 5.19419, 4.71681, 4.27425, 3.86503, 3.48759
33.2851, 33.2464, 33.1375, 32.9591, 32.7124, 32.3989, 32.0205, 31.5797, 31.0791, 30.5217, 29.911, 29.2505, 28.5441, 27.7959, 27.01, 26.1909, 25.343, 24.4706, 23.5783, 22.6705, 21.7516, 20.8258, 19.8973, 18.9699, 18.0476, 17.1337, 16.2318, 15.3448, 14.4757, 13.6269, 12.8007, 11.9992, 11.2241, 10.4769, 9.75871, 9.07057, 8.41312, 7.78683, 7.19192, 6.62842, 6.09615, 5.59477, 5.12377, 4.6825, 4.27019, 3.88595, 3.52881, 3.19771, 2.89156, 2.60919
24.9017, 24.8728, 24.7913, 24.6579, 24.4733, 24.2387, 23.9557, 23.6258, 23.2513, 22.8343, 22.3774, 21.8833, 21.3548, 20.795, 20.2071, 19.5943, 18.9599, 18.3073, 17.6397, 16.9606, 16.2731, 15.5805, 14.8858, 14.192, 13.502, 12.8183, 12.1436, 11.48, 10.8297, 10.1947, 9.57663, 8.977, 8.39713, 7.8381, 7.30083, 6.786, 6.29414, 5.82559, 5.38052, 4.95894, 4.56074, 4.18564, 3.83327, 3.50314, 3.19468, 2.90721, 2.64002, 2.39232, 2.16327, 1.95202
18.6298, 18.6082, 18.5472, 18.4474, 18.3093, 18.1338, 17.922, 17.6753, 17.3951, 17.0831, 16.7413, 16.3716, 15.9763, 15.5575, 15.1176, 14.6592, 14.1846, 13.6963, 13.1969, 12.6888, 12.1745, 11.6563, 11.1366, 10.6176, 10.1013, 9.58984, 9.08502, 8.58858, 8.10209, 7.62701, 7.1646, 6.716, 6.28218, 5.86395, 5.462, 5.07684, 4.70886, 4.35832, 4.02535, 3.70996, 3.41204, 3.13142, 2.8678, 2.62082, 2.39005, 2.17498, 1.97509, 1.78977, 1.61842, 1.46037
13.9376, 13.9214, 13.8758, 13.8011, 13.6978, 13.5665, 13.4081, 13.2235, 13.0139, 12.7805, 12.5247, 12.2482, 11.9524, 11.6391, 11.31, 10.967, 10.612, 10.2467, 9.87305, 9.49293, 9.10814, 8.72048, 8.33166, 7.94335, 7.55713, 7.17448, 6.79681, 6.42541, 6.06145, 5.70603, 5.36008, 5.02447, 4.69991, 4.38702, 4.08631, 3.79815, 3.52286, 3.26061, 3.0115, 2.77554, 2.55267, 2.34272, 2.1455, 1.96072, 1.78807, 1.62718, 1.47763, 1.33899, 1.21079, 1.09255
10.4272, 10.4151, 10.381, 10.3251, 10.2478, 10.1496, 10.031, 9.89295, 9.73611, 9.56151, 9.37019, 9.16327, 8.94198, 8.70759, 8.46141, 8.20481, 7.93917, 7.66589, 7.38636, 7.10198, 6.81411, 6.52409, 6.2332, 5.94269, 5.65374, 5.36747, 5.08492, 4.80706, 4.53478, 4.26887, 4.01006, 3.75898, 3.51616, 3.28208, 3.0571, 2.84153, 2.63557, 2.43937, 2.25301, 2.07648, 1.90974, 1.75267, 1.60512, 1.46688, 1.33772, 1.21735, 1.10547, 1.00174, 0.905836, 0.817377
7.80095, 7.79187, 7.76635, 7.72454, 7.66672, 7.59324, 7.50457, 7.40125, 7.28392, 7.15329, 7.01015, 6.85536, 6.6898, 6.51444, 6.33027, 6.1383, 5.93956, 5.73511, 5.52599, 5.31323, 5.09787, 4.88089, 4.66327, 4.44593, 4.22976, 4.01559, 3.80421, 3.59633, 3.39262, 3.19369, 3.00006, 2.81222, 2.63056, 2.45544, 2.28712, 2.12584, 1.97176, 1.82498, 1.68555, 1.55348, 1.42874, 1.31123, 1.20084, 1.09743, 1.00079, 0.91074, 0.827037, 0.749439, 0.677686, 0.611508
5.83615, 5.82936, 5.81027, 5.77899, 5.73574, 5.68076, 5.61442, 5.53713, 5.44935, 5.35162, 5.24453, 5.12873, 5.00487, 4.87368, 4.73589, 4.59227, 4.44359, 4.29063, 4.13418, 3.97501, 3.81389, 3.65156, 3.48875, 3.32615, 3.16443, 3.0042, 2.84606, 2.69054, 2.53814, 2.38931, 2.24445, 2.10392, 1.96801, 1.83699, 1.71107, 1.59042, 1.47514, 1.36533, 1.26102, 1.16221, 1.06889, 0.980977, 0.898393, 0.821022, 0.748727, 0.681355, 0.618735, 0.560681, 0.507, 0.45749
4.36622, 4.36114, 4.34686, 4.32346, 4.2911, 4.24997, 4.20034, 4.14251, 4.07684, 4.00373, 3.92362, 3.83697, 3.74431, 3.64616, 3.54308, 3.43563, 3.3244, 3.20997, 3.09292, 2.97384, 2.8533, 2.73186, 2.61005, 2.48841, 2.36742, 2.24754, 2.12923, 2.01288, 1.89887, 1.78752, 1.67915, 1.57401, 1.47234, 1.37432, 1.28011, 1.18984, 1.1036, 1.02145, 0.94341, 0.869492, 0.799671, 0.733902, 0.672118, 0.614234, 0.560148, 0.509745, 0.462896, 0.419465, 0.379304, 0.342264
