1     J1555-3134    mlt+78     342.699   16.757    5.299  5.299    ymw17      1.528  -1.509 3.656
2     J1600-3053    jbo+07     344.090   16.451    2.000  2.535    ymw17      0.566  -0.526 6.655
3     J1603-2531    mld+96     348.375   19.985    3.412  3.412    ymw17      1.166  -0.646 5.359
4     J1603-2712    mlt+78     347.126   18.767    2.306  2.306    ymw17      0.742  -0.486 6.371
5     J1603-3539    ebvb01     341.218   12.526    4.100  4.100    ymw17      0.889  -1.289 4.711

6     J1604-3142    kbj+18     344.125   15.385    3.405  3.405    ymw17      0.903  -0.898 5.342
7     J1612-2408    jbo+09     351.011   19.446    2.747  2.747    ymw17      0.915  -0.405 5.942
8     J1614-23      crh+06a    351.956   19.791    3.183  3.183    ymw17      1.078  -0.419 5.534
9     J1614-3846    bbb+12     340.628   8.788     5.637  5.637    ymw17      0.861  -1.848 3.245
10    J1614-3937    mld+96     340.004   8.206     10.650 10.650   ymw17      1.520  -3.605 -1.406

11    J1615-2940    mlt+78     347.387   15.056    1.717  1.717    ymw17      0.446  -0.362 6.882
12    J1618-36      mbc+19     343.113   10.181    6.043  6.043    ymw17      1.068  -1.728 2.809
13    J1618-3921    eb01b      340.725   7.888     5.516  5.516    ymw17      0.757  -1.804 3.342
14    J1622-3751    bbb+12     342.322   8.419     11.596 11.596   ymw17      1.698  -3.483 -2.429
15    J1623-2631    lbb+88     350.976   15.960    1.800  3.651    ymw17      0.495  -0.271 6.791

16    J1624-4041    cwp+17     340.558   6.149     *      *        *          0.000  -0.000 8.500
17    J1625-4048    mld+96     340.609   5.932     5.612  5.612    ymw17      0.580  -1.853 3.235
18    J1628-3205    rap+12     347.428   11.482    1.225  1.225    ymw17      0.244  -0.261 7.328
19    J1629-3636    bbb+12     344.280   8.198     4.232  4.232    ymw17      0.603  -1.135 4.468
20    J1629-3825    bsb+19     342.889   7.006     5.574  5.574    ymw17      0.680  -1.628 3.213

21    J1631-4155    lfl+06     340.596   4.332     10.801 10.801   ymw17      0.816  -3.578 -1.658
22    J1633-2009    blr+13     357.631   18.331    2.354  2.354    ymw17      0.740  -0.092 6.267
23    J1634-4229    ccb+20     340.542   3.540     18.861 18.861   ymw17      1.165  -6.271 -9.250
24    J1636-2614    bbb+12     353.120   14.036    8.189  8.189    ymw17      1.986  -0.952 0.613
25    J1637-4335    kbm+03     340.182   2.300     25.000 +25.00   ymw17      1.003  -8.469 -15.000

26    J1638-3815    lfl+06     344.264   5.764     19.076 19.076   ymw17      1.916  -5.147 -9.768
27    J1638-3951    eklk13     343.005   4.744     14.681 14.681   ymw17      1.214  -4.276 -5.492
28    J1638-4233    bbb+12     341.007   2.924     22.186 22.186   ymw17      1.132  -7.211 -12.451
29    J1638-4344    kbm+03     340.191   2.081     4.741  4.741    ymw17      0.172  -1.606 4.042
30    J1641-2347    ebvb01     355.831   14.714    0.922  0.922    ymw17      0.234  -0.065 7.611

31    J1644-33      mss+20     348.986   8.374     7.786  7.786    ymw17      1.134  -1.472 0.939
32    J1646-2142    rap+12     358.266   15.116    0.967  0.967    ymw17      0.252  -0.028 7.567
33    J1647-3607    bb10       347.084   5.773     15.937 15.937   ymw17      1.603  -3.544 -6.955
34    J1648-3256    mld+96     349.586   7.749     6.729  6.729    ymw17      0.907  -1.205 1.942
35    J1649-3805    lfl+06     345.815   4.194     8.839  8.839    ymw17      0.647  -2.160 -0.047

36    J1649-3935    ncb+15     344.577   3.341     13.459 13.459   ymw17      0.784  -3.573 -4.452
37    J1650-1654    mld+96     2.856     17.234    1.055  1.055    ymw17      0.313  0.050  7.494
38    J1651-1709    mlt+78     2.810     16.882    0.836  0.836    ymw17      0.243  0.039  7.701
39    J1652-1400    jbo+09     5.599     18.581    0.598  0.598    ymw17      0.191  0.055  7.936
40    J1652-2404    mlt+78     357.315   12.454    3.369  3.369    ymw17      0.727  -0.154 5.214

41    J1653-2054    btb+15     359.969   14.261    2.635  2.635    ymw17      0.649  -0.001 5.946
42    J1653-3838    jlm+92     345.878   3.268     5.440  5.440    ymw17      0.310  -1.325 3.233
43    J1653-4030    lfl+06     344.422   2.107     17.188 17.188   ymw17      0.632  -4.613 -8.045
44    J1654-23      bb10       357.859   12.552    4.071  4.071    ymw17      0.885  -0.148 4.529
45    J1654-26      mbc+19     355.499   10.601    12.185 12.185   ymw17      2.242  -0.940 -3.440

46    J1654-2713    lml+98     354.972   10.271    4.942  4.942    ymw17      0.881  -0.426 3.656
47    J1654-3710    lfl+06     347.147   4.018     19.006 19.006   ymw17      1.332  -4.217 -9.984
48    J1655-3048    ebvb01     352.245   7.880     10.705 10.705   ymw17      1.468  -1.431 -2.007
49    J1655-3844    eklk13     346.046   2.906     19.040 19.040   ymw17      0.965  -4.585 -9.954
50    J1656-3621    lfl+06     348.013   4.245     10.733 10.733   ymw17      0.794  -2.223 -1.970

51    J1659-1305    dtws85     7.507     17.592    0.485  0.485    ymw17      0.147  0.060  8.042
52    J1700-3312    mld+96     351.055   5.489     7.386  7.386    ymw17      0.706  -1.143 1.237
53    J1700-3611    lfl+06     348.679   3.672     9.288  9.288    ymw17      0.595  -1.820 -0.589
54    J1701-3006A   dlm+01     353.578   7.322     7.050  4.880    ymw17      0.899  -0.782 1.551
55    J1701-3006B   pdm+03     353.574   7.319     7.050  4.901    ymw17      0.898  -0.783 1.551

56    J1701-3006C   pdm+03     353.572   7.316     7.050  4.834    ymw17      0.898  -0.783 1.551
57    J1701-3006D   cha03      353.577   7.317     7.050  4.802    ymw17      0.898  -0.782 1.551
58    J1701-3006E   cha03      353.576   7.317     7.050  4.760    ymw17      0.898  -0.782 1.551
59    J1701-3006F   cha03      353.573   7.318     7.050  4.713    ymw17      0.898  -0.783 1.551
60    J1701-3130    ebvb01     352.523   6.384     5.251  5.251    ymw17      0.584  -0.679 3.326

61    J1701-3726    jlm+92     347.755   2.833     12.947 12.947   ymw17      0.640  -2.743 -4.137
62    J1701-4533    jlm+92     341.360   -2.177    19.589 19.589   ymw17      -0.744 -6.257 -10.048
63    J1703-18      mbc+19     3.133     13.616    1.416  1.416    ymw17      0.333  0.075  7.126
64    J1703-1846    vl72       3.229     13.561    2.857  1.686    ymw17      0.670  0.156  5.727
65    J1703-3241    dls73      351.786   5.387     3.167  3.167    ymw17      0.297  -0.450 5.379

66    J1703-38      kle+10     347.410   2.037     14.170 14.170   ymw17      0.504  -3.087 -5.321
67    J1705-1903    mbc+19     3.148     13.042    2.395  2.395    ymw17      0.540  0.128  6.170
68    J1705-1906    mlt+78     3.189     13.026    0.747  0.747    ymw17      0.168  0.040  7.773
69    J1705-3423    mld+96     350.721   3.975     3.841  3.841    ymw17      0.266  -0.618 4.718
70    J1706-4434    ccb+20     342.672   -2.264    19.449 19.449   ymw17      -0.768 -5.788 -10.052

71    J1707-4417    kle+10     343.041   -2.278    14.053 14.053   ymw17      -0.559 -4.096 -4.931
72    J1707-4729    kbm+03     340.424   -4.135    12.833 12.833   ymw17      -0.925 -4.289 -3.560
73    J1708-3426    mld+96     351.083   3.407     4.724  4.724    ymw17      0.281  -0.731 3.841
74    J1708-3506    kjv+10     350.470   3.124     3.320  3.320    ymw17      0.181  -0.549 5.231
75    J1708-3641    ncb+15     349.235   2.130     11.313 11.313   ymw17      0.420  -2.112 -2.606

76    J1708-4522    hfs+04     342.220   -3.006    23.091 23.091   ymw17      -1.211 -7.042 -13.458
77    J1709-1640    lvw69b     5.775     13.657    0.562  0.562    ymw17      0.133  0.055  7.957
78    J1709-3626    kbm+03     349.578   2.095     16.081 16.081   ymw17      0.588  -2.907 -7.305
79    J1709-43      bbj+11     343.567   -2.355    4.596  4.596    ymw17      -0.189 -1.299 4.095
80    J1709-4342    kbm+03     343.706   -2.193    6.450  6.450    ymw17      -0.247 -1.808 2.314

81    J1709-4401    bbb+12     343.471   -2.406    4.597  4.597    ymw17      -0.193 -1.307 4.097
82    J1709-4429    jlm+92     343.098   -2.686    2.600  2.275    ymw17      -0.122 -0.755 6.015
83    J1710-2616    bbb+12     357.859   8.029     5.308  5.308    ymw17      0.741  -0.196 3.248
84    J1711-1509    dtws85     7.417     14.013    1.081  1.081    ymw17      0.262  0.135  7.460
85    J1711-4322    lfl+06     344.145   -2.244    3.986  3.986    ymw17      -0.156 -1.088 4.669

86    J1712-2715    ebvb01     357.325   7.070     3.151  3.151    ymw17      0.388  -0.146 5.376
87    J1714-1054    jbo+09     11.487    15.777    0.215  0.215    ymw17      0.058  0.041  8.297
88    J1715-3247    kel+09     353.211   3.296     4.047  4.047    ymw17      0.233  -0.478 4.488
89    J1715-4254    hfs+04     344.951   -2.562    18.772 18.772   ymw17      -0.839 -4.869 -9.610
90    J1716-4711    bbb+12     341.549   -5.155    21.907 21.907   ymw17      -1.968 -6.905 -12.197

91    J1717-3425    jlm+92     352.120   2.025     25.000 +25.00   ymw17      0.883  -3.425 -16.248
92    J1718-4539    lfl+06     343.022   -4.584    13.803 13.803   ymw17      -1.103 -4.018 -4.659
93    J1719-1438    bbb+11a    8.858     12.838    0.341  0.341    ymw17      0.076  0.051  8.171
94    J1719-2330    bbb+12     1.402     7.846     4.274  4.274    ymw17      0.583  0.104  4.267
95    J1719-4302    kbm+03     345.341   -3.325    13.437 13.437   ymw17      -0.779 -3.395 -4.478

96    J1720-1633    stwd85     7.374     11.537    0.988  0.988    ymw17      0.198  0.124  7.540
97    J1720-2446    bbb+12     0.443     6.986     3.772  3.772    ymw17      0.459  0.029  4.756
98    J1720-2933    dls72      356.505   4.248     1.095  1.095    ymw17      0.081  -0.067 7.410
99    J1721-1936    lbhb93     4.857     9.738     8.600  3.071    ymw17      1.455  0.718  0.054
100   J1721-1939    ebvb01     4.914     9.563     5.621  5.621    ymw17      0.934  0.475  2.977

101   J1721-2457    eb01b      0.387     6.751     1.365  1.365    ymw17      0.160  0.009  7.144
102   J1722-3207    dls72      354.561   2.525     2.928  2.928    ymw17      0.129  -0.277 5.588
103   J1722-4400    lfl+06     344.843   -4.319    9.068  9.068    ymw17      -0.683 -2.364 -0.228
104   J1723-2837    fsk+04     357.616   4.260     0.928  0.720    ymw17      0.069  -0.039 7.575
105   J1723-2852    eklk13     357.482   4.015     4.768  4.768    ymw17      0.334  -0.209 3.748

106   J1724-3149    hfs+04     355.142   2.228     18.452 18.452   ymw17      0.717  -1.562 -9.872
107   J1724-4500    lfl+06     344.182   -5.121    7.366  7.366    ymw17      -0.657 -2.000 1.441
108   J1725-0732    crh+06a    15.866    15.324    0.203  0.203    ymw17      0.054  0.054  8.312
109   J1725-2852    lfl+06     357.636   3.803     4.251  4.251    ymw17      0.282  -0.175 4.262
110   J1725-4043    kbm+03     347.874   -2.920    4.465  4.465    ymw17      -0.227 -0.937 4.140

111   J1726-4006    hfs+04     348.481   -2.711    9.401  9.401    ymw17      -0.445 -1.875 -0.701
112   J1727-2739    hfs+04     358.945   4.053     4.001  4.001    ymw17      0.283  -0.074 4.510
113   J1727-29      kle+10     356.973   2.795     2.613  2.613    ymw17      0.127  -0.138 5.894
114   J1727-2946    fsk+04     357.137   2.921     1.882  1.882    ymw17      0.096  -0.094 6.623
115   J1727-2951    ccb+20     357.037   2.919     5.415  5.415    ymw17      0.276  -0.280 3.099

116   J1728-4028    lfl+06     348.375   -3.218    6.904  6.904    ymw17      -0.388 -1.389 1.748
117   J1729-2117    btb+15     4.496     7.222     0.974  0.974    ymw17      0.122  0.076  7.537
118   J1730-2304    lnl+95     3.137     6.023     0.620  0.512    ymw17      0.065  0.034  7.884
119   J1730-2900    lfl+06     358.123   2.819     12.054 12.054   ymw17      0.593  -0.394 -3.533
120   J1731-1847    kjv+10     6.890     8.151     4.782  4.782    ymw17      0.678  0.568  3.800

121   J1731-4744    lvw68      342.565   -7.669    0.700  5.540    ymw17      -0.093 -0.208 7.838
122   J1732-1930    lml+98     6.417     7.563     2.634  2.634    ymw17      0.347  0.292  5.905
123   J1732-3729    kbm+03     351.288   -2.211    10.938 10.938   ymw17      -0.422 -1.656 -2.304
124   J1732-4128    mlt+78     347.980   -4.462    7.235  7.235    ymw17      -0.563 -1.502 1.445
125   J1732-4156    hfs+04     347.589   -4.709    11.528 11.528   ymw17      -0.946 -2.469 -2.721

126   J1732-5049    eb01b      340.029   -9.454    1.875  1.875    ymw17      -0.308 -0.632 6.762
127   J1733-2228    dls73      4.029     5.749     1.105  1.105    ymw17      0.111  0.077  7.403
128   J1733-2533    lfl+06     1.428     4.092     12.040 12.040   ymw17      0.859  0.299  -3.506
129   J1733-2837    lfl+06     358.857   2.402     4.740  4.740    ymw17      0.199  -0.094 3.765
130   J1733-3716    jlm+92     351.577   -2.284    3.150  3.150    ymw17      -0.126 -0.461 5.386

131   J1733-4005    hfs+04     349.266   -3.895    19.225 19.225   ymw17      -1.306 -3.572 -10.345
132   J1734-2415    lfl+06     2.678     4.551     3.436  3.436    ymw17      0.273  0.160  5.079
133   J1734-2859    ccb+20     358.596   2.119     11.352 11.352   ymw17      0.420  -0.278 -2.841
134   J1735-0724    ll76       17.271    13.284    6.667  0.213    ymw17      1.532  1.926  2.304
135   J1736-2457    lfl+06     2.331     3.775     4.498  4.498    ymw17      0.296  0.183  4.015

136   J1736-2819    hfs+04     359.446   2.036     6.012  6.012    ymw17      0.214  -0.058 2.492
137   J1737-0811    blr+13     16.933    12.318    0.206  0.206    ymw17      0.044  0.059  8.307
138   J1737-3555    jlm+92     353.175   -2.268    2.489  2.489    ymw17      -0.099 -0.296 6.031
139   J1738-2330    lfl+06     3.731     4.280     2.870  2.870    ymw17      0.214  0.186  5.644
140   J1738-2647    hfs+04     0.940     2.544     4.127  4.127    ymw17      0.183  0.068  4.378

141   J1738-2736    ncb+15     0.272     2.081     11.991 11.991   ymw17      0.435  0.057  -3.483
142   J1739-1313    ebvb01     12.794    9.297     0.735  0.735    ymw17      0.119  0.161  7.793
143   J1739-2521    cbmp17     2.327     3.027     4.411  4.411    ymw17      0.233  0.179  4.099
144   J1739-3951    lfl+06     350.039   -4.690    0.784  0.784    ymw17      -0.064 -0.135 7.730
145   J1740-2540    hfs+04     2.212     2.633     15.056 15.056   ymw17      0.692  0.580  -6.529

146   J1741-0840    mlt+78     16.955    11.304    3.571  0.222    ymw17      0.700  1.021  5.150
147   J1741-2019    ebvb01     6.815     5.377     2.553  2.553    ymw17      0.239  0.302  5.976
148   J1741-2054    aaa+09c    6.422     4.907     0.300  0.273    ymw17      0.026  0.033  8.203
149   J1741-21      mss+20     6.222     5.046     5.168  5.168    ymw17      0.455  0.558  3.382
150   J1741-34      ncb+15     355.002   -2.146    4.552  4.552    ymw17      -0.170 -0.396 3.968

151   J1741-3927    mlt+78     350.555   -4.749    4.624  4.624    ymw17      -0.383 -0.756 3.954
152   J1742-3957    lfl+06     350.209   -5.135    8.063  8.063    ymw17      -0.722 -1.366 0.586
153   J1742-4616    ebvb01     344.790   -8.462    5.689  5.689    ymw17      -0.837 -1.476 3.070
154   J1743-1351    stwd85     12.699    8.205     3.495  3.495    ymw17      0.499  0.760  5.125
155   J1743-2442    hfs+04     3.333     2.640     6.493  6.493    ymw17      0.299  0.377  2.025

156   J1743-35      ncb+15     354.095   -2.994    4.011  4.011    ymw17      -0.210 -0.412 4.516
157   J1743-4212    ebvb01     348.381   -6.464    5.011  5.011    ymw17      -0.564 -1.003 3.623
158   J1744-1134    bjb+97     14.794    9.180     0.395  0.148    ymw17      0.063  0.100  8.123
159   J1744-1610    ebvb01     10.773    6.885     1.923  1.923    ymw17      0.231  0.357  6.625
160   J1744-2335    lml+98     4.463     2.937     2.723  2.723    ymw17      0.140  0.212  5.789

161   J1744-3922    fsk+04     350.908   -5.155    4.541  4.541    ymw17      -0.408 -0.715 4.034
162   J1745-0952    eb01b      16.371    9.895     0.226  0.226    ymw17      0.039  0.063  8.286
163   J1745-2229    hfs+04     5.470     3.422     15.562 15.562   ymw17      0.929  1.481  -6.964
164   J1745-23      ccb+20     4.701     2.896     7.941  7.941    ymw17      0.401  0.650  0.596
165   J1745-3812    bbb+12     352.036   -4.751    4.797  4.797    ymw17      -0.397 -0.662 3.766

166   J1746-3239    pga+12     356.957   -2.175    *      *        *          -0.000 -0.000 8.500
167   J1747-1030    bbb+12     16.174    8.983     2.511  2.511    ymw17      0.392  0.691  6.118
168   J1747-4036    kcj+12     350.208   -6.412    7.151  7.151    ymw17      -0.799 -1.209 1.497
169   J1748-1300    mlt+78     14.016    7.656     2.403  2.403    ymw17      0.320  0.577  6.189
170   J1748-2021A   mlj+89b    7.728     3.801     8.240  8.551    ymw17      0.546  1.106  0.353

171   J1748-2021B   frb+08     7.729     3.800     8.240  8.699    ymw17      0.546  1.106  0.353
172   J1748-2021C   frb+08     7.721     3.804     8.240  9.318    ymw17      0.547  1.105  0.353
173   J1748-2021D   frb+08     7.734     3.809     8.240  9.135    ymw17      0.547  1.106  0.353
174   J1748-2021E   frb+08     7.731     3.802     8.240  9.023    ymw17      0.546  1.106  0.353
175   J1748-2021F   frb+08     7.727     3.802     8.240  8.657    ymw17      0.546  1.105  0.353

176   J1749-2146    ccb+20     6.568     2.981     9.601  9.601    ymw17      0.499  1.097  -1.025
177   J1749-4931    bbb+12     342.522   -11.095   1.980  1.980    ymw17      -0.381 -0.584 6.647
178   J1750-2043    lfl+06     7.591     3.331     8.840  8.840    ymw17      0.514  1.166  -0.248
179   J1750-3157    jlm+92     357.982   -2.516    4.338  4.338    ymw17      -0.190 -0.153 4.169
180   J1750-3503    mld+96     355.314   -4.082    5.864  5.864    ymw17      -0.417 -0.478 2.670

181   J1750-3703A   dpm+01a    353.532   -5.009    13.800 13.527   ymw17      -1.205 -1.549 -5.160
182   J1750-3703B   frb+08     353.526   -5.006    13.800 13.594   ymw17      -1.204 -1.550 -5.160
183   J1750-3703C   frb+08     353.533   -5.007    13.800 13.087   ymw17      -1.204 -1.548 -5.160
184   J1750-3703D   frb+08     353.532   -5.006    13.800 13.005   ymw17      -1.204 -1.549 -5.160
185   J1751-3323    kbm+03     356.829   -3.382    14.283 14.283   ymw17      -0.843 -0.789 -5.736

186   J1751-4657    wvl69      345.002   -10.178   0.739  0.739    ymw17      -0.131 -0.188 7.797
187   J1753-12      bb10       14.608    6.703     1.123  1.123    ymw17      0.131  0.281  7.421
188   J1753-1914    lfl+06     9.251     3.412     2.915  2.915    ymw17      0.174  0.468  5.628
189   J1753-38      bb10       352.277   -6.368    8.863  8.863    ymw17      -0.983 -1.184 -0.228
190   J1754-3014    mll+06     359.862   -2.332    2.520  2.520    ymw17      -0.103 -0.006 5.982

191   J1754-3443    hfs+04     355.994   -4.607    7.098  7.098    ymw17      -0.570 -0.494 1.442
192   J1754-3510    lfl+06     355.635   -4.882    2.574  2.574    ymw17      -0.219 -0.195 5.943
193   J1755-0903    bbb+12     18.324    8.150     0.235  0.235    ymw17      0.033  0.073  8.279
194   J1755-1650    lfl+06     11.527    4.291     4.618  4.618    ymw17      0.345  0.920  3.988
195   J1755-2025    kel+09     8.480     2.416     15.975 15.975   ymw17      0.673  2.354  -7.286

196   J1755-33      kek+13     357.109   -4.102    14.084 14.084   ymw17      -1.007 -0.709 -5.530
197   J1755-3716    nbb+14     353.882   -6.041    8.181  8.181    ymw17      -0.861 -0.867 0.411
198   J1757-1500    bbb+12     13.367    4.785     4.222  4.222    ymw17      0.352  0.973  4.407
199   J1757-16      fau04      12.151    4.034     3.367  3.367    ymw17      0.237  0.707  5.217
200   J1757-1854    cck+18     9.966     2.877     19.559 19.559   ymw17      0.982  3.381  -10.740

201   J1758-1931    hfs+04     9.544     2.353     4.544  4.544    ymw17      0.187  0.753  4.023
202   J1758-2846    lfl+06     1.556     -2.294    2.006  2.006    ymw17      -0.080 0.054  6.496
203   J1759-1029    bbb+12     17.596    6.504     2.239  2.239    ymw17      0.254  0.672  6.379
204   J1759-1736    lfl+06     11.378    3.028     4.917  4.917    ymw17      0.260  0.969  3.686
205   J1759-1903    hfs+04     10.142    2.260     21.806 21.806   ymw17      0.860  3.837  -12.949

206   J1759-2922    lml+98     1.202     -2.887    2.417  2.417    ymw17      -0.122 0.051  6.087
207   J1759-3107    hfs+04     359.629   -3.674    3.105  3.105    ymw17      -0.199 -0.020 5.401
208   J1801-0857A   lrfs11     19.225    6.762     7.200  6.679    ymw17      0.848  2.354  1.749
209   J1801-0857B   lrfs11     19.225    6.762     7.200  6.660    ymw17      0.848  2.354  1.749
210   J1801-0857C   lrfs11     19.225    6.762     7.200  6.646    ymw17      0.848  2.354  1.749

211   J1801-0857D   lrfs11     19.237    6.746     7.200  5.857    ymw17      0.846  2.356  1.749
212   J1801-1417    fsk+04     14.546    4.162     1.105  1.105    ymw17      0.080  0.277  7.433
213   J1801-2920    jlm+92     1.437     -3.249    3.013  3.013    ymw17      -0.171 0.075  5.493
214   J1801-3210    kjv+10     358.922   -4.577    6.111  6.111    ymw17      -0.488 -0.115 2.410
215   J1801-3458    lfl+06     356.517   -6.023    5.915  5.915    ymw17      -0.621 -0.357 2.629

216   J1802-1745    mhl+02     11.573    2.377     6.596  6.596    ymw17      0.274  1.322  2.044
217   J1802-3346    kjv+10     357.675   -5.629    13.672 13.672   ymw17      -1.341 -0.552 -5.095
218   J1803-1616    hfs+04     13.020    2.827     19.035 19.035   ymw17      0.939  4.283  -10.023
219   J1803-2712    jlm+92     3.494     -2.532    3.466  3.466    ymw17      -0.153 0.211  5.044
220   J1803-3002A   pdc+05     1.025     -3.926    7.800  5.879    ymw17      -0.534 0.139  0.720

221   J1803-3002B   fre08      1.025     -3.926    7.800  5.804    ymw17      -0.534 0.139  0.720
222   J1803-3002C   fre08      1.025     -3.926    7.800  5.982    ymw17      -0.534 0.139  0.720
223   J1803-3329    kjv+10     358.015   -5.637    7.811  7.811    ymw17      -0.767 -0.269 0.731
224   J1804-2717    llb+96     3.505     -2.736    0.805  0.805    ymw17      -0.038 0.049  7.697
225   J1804-28      kek+13     2.833     -3.225    4.789  4.789    ymw17      -0.269 0.236  3.724

226   J1804-2858    mbc+19     2.030     -3.551    8.367  8.367    ymw17      -0.518 0.296  0.154
227   J1805-1504    lfl+06     14.246    3.093     5.409  5.409    ymw17      0.292  1.329  3.265
228   J1805-2948    bbb+12     1.456     -4.217    4.589  4.589    ymw17      -0.337 0.116  3.925
229   J1806-1154    stwd85     17.142    4.417     3.005  3.005    ymw17      0.231  0.883  5.637
230   J1806-1618    hfs+04     13.323    2.213     10.156 10.156   ymw17      0.392  2.339  -1.375

231   J1807-2459A   rgh+01     5.837     -2.203    2.790  3.015    ymw17      -0.107 0.284  5.727
232   J1807-2459B   cha03      5.836     -2.206    2.790  3.045    ymw17      -0.107 0.283  5.727
233   J1807-2557    kle+10     4.987     -2.646    18.556 18.556   ymw17      -0.857 1.611  -9.966
234   J1807-2715    mlt+78     3.843     -3.257    15.364 15.364   ymw17      -0.873 1.028  -6.805
235   J1808-1020    lfl+06     18.828    4.600     8.076  8.076    ymw17      0.648  2.598  0.881

236   J1808-1517    eklk13     14.472    2.239     4.306  4.306    ymw17      0.168  1.075  4.334
237   J1808-2701    lfl+06     4.160     -3.357    2.706  2.706    ymw17      -0.158 0.196  5.806
238   J1808-3249    ebvb01     359.035   -6.115    6.276  6.276    ymw17      -0.669 -0.105 2.261
239   J1809-1429    mhl+02     15.306    2.393     17.153 17.153   ymw17      0.716  4.524  -8.030
240   J1809-3547    lml+98     356.541   -7.766    22.564 22.564   ymw17      -3.049 -1.349 -13.816

241   J1810-1441    hfs+04     15.272    2.035     6.755  6.755    ymw17      0.240  1.778  1.988
242   J1810-5338    mlt+78     340.292   -15.901   1.647  1.647    ymw17      -0.451 -0.534 7.009
243   J1811-1049    kek+13     18.712    3.830     8.667  8.667    ymw17      0.579  2.774  0.309
244   J1811-2405    kjv+10     7.073     -2.559    1.830  1.830    ymw17      -0.082 0.225  6.686
245   J1811-2439    lfl+06     6.632     -2.954    3.945  3.945    ymw17      -0.203 0.455  4.587

246   J1811-4930    kjv+10     344.222   -14.267   1.447  1.447    ymw17      -0.357 -0.381 7.150
247   J1812-2526    lfl+06     6.013     -3.448    22.244 22.244   ymw17      -1.338 2.326  -13.582
248   J1812-2748    kjv+10     3.949     -4.598    2.941  2.941    ymw17      -0.236 0.202  5.575
249   J1812-3039    bbb+12     1.431     -5.962    5.229  5.229    ymw17      -0.543 0.130  3.301
250   J1813-1246    aaa+09c    17.244    2.445     2.635  *        *          0.112  0.780  5.986

251   J1813-2242    hfs+04     8.529     -2.329    12.474 12.474   ymw17      -0.507 1.848  -3.826
252   J1813-2621    fsk+04     5.322     -4.112    3.013  3.013    ymw17      -0.216 0.279  5.508
253   J1816-2650    lvw69a     5.219     -4.906    3.591  3.591    ymw17      -0.307 0.325  4.937
254   J1817-2311    moh83      8.489     -3.270    7.934  7.934    ymw17      -0.453 1.169  0.666
255   J1817-3618    mlt+78     356.801   -9.374    4.399  4.399    ymw17      -0.717 -0.242 4.167

256   J1817-3837    lml+98     354.678   -10.406   6.086  6.086    ymw17      -1.099 -0.555 2.540
257   J1818-1116    hfs+04     19.144    2.068     13.007 13.007   ymw17      0.469  4.263  -3.780
258   J1819-37      mss+20     356.342   -10.029   2.712  2.712    ymw17      -0.472 -0.170 5.835
259   J1822-2256    dls72      9.349     -4.373    3.260  3.260    ymw17      -0.249 0.528  5.293
260   J1822-4209    mld+96     351.883   -12.829   3.687  3.687    ymw17      -0.819 -0.508 4.941

261   J1823-1807    mhl+02     13.636    -2.164    10.147 10.147   ymw17      -0.383 2.390  -1.354
262   J1823-3021A   bbl+94     2.788     -7.913    12.100 3.145    ymw17      -1.666 0.583  -3.471
263   J1823-3021B   bbl+94     2.790     -7.917    12.100 3.152    ymw17      -1.667 0.583  -3.470
264   J1823-3021C   cha03      2.790     -7.915    12.100 3.146    ymw17      -1.666 0.583  -3.471
265   J1823-3021D   lfrj12     2.787     -7.914    12.100 3.142    ymw17      -1.666 0.583  -3.471

266   J1823-3021E   fre08      2.788     -7.913    12.100 3.371    ymw17      -1.666 0.583  -3.471
267   J1823-3021F   fre08      2.788     -7.913    12.100 3.138    ymw17      -1.666 0.583  -3.471
268   J1823-3106    mlt+78     2.120     -8.273    1.586  1.586    ymw17      -0.228 0.058  6.932
269   J1824-1945    mlt+78     12.276    -3.108    3.700  5.599    ymw17      -0.201 0.786  4.890
270   J1824-2233    lfl+06     9.822     -4.435    4.597  4.597    ymw17      -0.356 0.782  3.984

271   J1824-2328    lfl+06     9.037     -4.922    7.867  7.867    ymw17      -0.675 1.231  0.759
272   J1824-2452A   lbm+87     7.797     -5.578    5.500  3.701    ymw17      -0.535 0.743  3.077
273   J1824-2452B   fre08      7.798     -5.580    5.500  3.681    ymw17      -0.535 0.743  3.077
274   J1824-2452C   fre08      7.798     -5.580    5.500  3.750    ymw17      -0.535 0.743  3.077
275   J1824-2452D   fre08      7.798     -5.580    5.500  3.681    ymw17      -0.535 0.743  3.077

276   J1824-2452E   fre08      7.798     -5.580    5.500  3.698    ymw17      -0.535 0.743  3.077
277   J1824-2452F   fre08      7.798     -5.580    5.500  3.953    ymw17      -0.535 0.743  3.077
278   J1824-2452G   fre08      7.798     -5.580    5.500  3.675    ymw17      -0.535 0.743  3.077
279   J1824-2452H   fre08      7.798     -5.580    5.500  3.800    ymw17      -0.535 0.743  3.077
280   J1824-2452I   fre08      7.798     -5.579    5.500  3.653    ymw17      -0.535 0.743  3.077

281   J1824-2452J   fre08      7.798     -5.580    5.500  3.664    ymw17      -0.535 0.743  3.077
282   J1824-2452K   fre08      7.798     -5.580    5.500  3.698    ymw17      -0.535 0.743  3.077
283   J1824-2452L   fre08      7.798     -5.580    5.500  3.654    ymw17      -0.535 0.743  3.077
284   J1824-2537    ebvb01     7.123     -5.918    7.301  7.301    ymw17      -0.753 0.900  1.294
285   J1825-31      bbb+12     2.400     -8.658    6.824  6.824    ymw17      -1.027 0.283  1.760

286   J1825-33      bb10       0.309     -9.697    1.238  1.238    ymw17      -0.209 0.007  7.280
287   J1826-2415    bsb+19     8.553     -5.718    2.735  2.735    ymw17      -0.272 0.405  5.809
288   J1828-2119    lfl+06     11.358    -4.734    17.961 17.961   ymw17      -1.482 3.525  -9.049
289   J1829-1751    dls72      14.604    -3.418    5.937  5.937    ymw17      -0.354 1.494  2.765
290   J1831-1423    hfs+04     17.870    -2.201    10.121 10.121   ymw17      -0.389 3.103  -1.126

291   J1832-28      ebvb01     5.142     -8.897    8.166  8.166    ymw17      -1.263 0.723  0.465
292   J1834-1710    kbm+03     15.768    -4.206    3.405  3.405    ymw17      -0.250 0.923  5.232
293   J1834-1855    lfl+06     14.189    -4.977    8.114  8.114    ymw17      -0.704 1.981  0.663
294   J1835-1548    lfl+06     17.094    -3.784    19.572 19.572   ymw17      -1.292 5.740  -10.167
295   J1835-3259A   drr11      1.532     -11.371   10.700 2.711    ymw17      -2.110 0.280  -1.986

296   J1836-1324    lfl+06     19.348    -2.910    3.638  3.638    ymw17      -0.185 1.204  5.072
297   J1836-2354A   lrfs11     9.886     -7.561    3.200  3.269    ymw17      -0.421 0.545  5.375
298   J1836-2354B   lrfs11     9.890     -7.554    3.200  3.465    ymw17      -0.421 0.545  5.375
299   J1837-1243    mhl+02     19.983    -2.662    8.270  8.270    ymw17      -0.384 2.823  0.736
300   J1837-1837    ebvb01     14.807    -5.498    3.232  3.232    ymw17      -0.310 0.822  5.390

301   J1838-1849    kek+13     14.686    -5.734    8.398  8.398    ymw17      -0.839 2.118  0.417
302   J1840-1419    kle+10     18.944    -4.119    0.721  0.721    ymw17      -0.052 0.233  7.820
303   J1841-1404    lfl+06     19.277    -4.227    14.205 14.205   ymw17      -1.047 4.677  -4.872
304   J1842-27      mbc+19     6.745     -10.465   2.573  2.573    ymw17      -0.467 0.297  5.987
305   J1843-1448    fsk+04     18.782    -4.871    3.472  3.472    ymw17      -0.295 1.114  5.225

306   J1843-1507    lfl+06     18.559    -5.129    12.020 12.020   ymw17      -1.075 3.810  -2.849
307   J1843-40      mbc+19     355.011   -15.771   3.908  3.908    ymw17      -1.062 -0.327 4.753
308   J1845-1351    lfl+06     19.860    -4.918    9.175  9.175    ymw17      -0.787 3.106  -0.098
309   J1846-4249    tjb+13     353.047   -17.123   3.744  3.744    ymw17      -1.102 -0.433 4.948
310   J1848-1414    mld+96     19.903    -5.835    5.261  5.261    ymw17      -0.535 1.782  3.579

311   J1848-1952    mlt+78     14.772    -8.254    0.751  0.751    ymw17      -0.108 0.190  7.781
312   J1852-2610    mld+96     9.458     -11.918   2.460  2.460    ymw17      -0.508 0.396  6.126
313   J1854-1557    bbj+11     19.018    -7.950    10.896 10.896   ymw17      -1.507 3.517  -1.702
314   J1856-3754    tm07       358.599   -17.215   0.160  *        *          -0.047 -0.004 8.347
315   J1858-2216    san16      13.581    -11.393   0.921  0.921    ymw17      -0.182 0.212  7.622

316   J1900-2600    vl70       10.342    -13.451   0.700  1.237    ymw17      -0.163 0.122  7.830
317   J1901-1740    ebvb01     18.138    -10.071   0.894  0.894    ymw17      -0.156 0.274  7.664
318   J1904-1629    bbb+12     19.590    -10.332   25.000 +25.00   ymw17      -4.484 8.246  -14.671
319   J1909-3744    jbv+03     359.731   -19.596   1.140  0.564    ymw17      -0.382 -0.005 7.426
320   J1916-2939    acd+19     8.245     -18.070   1.600  1.600    ymw17      -0.496 0.218  6.995

321   J1930-1852    srm+15     19.976    -16.873   2.004  2.004    ymw17      -0.582 0.655  6.698