0, 0, 0, 0, 0, 0, 0, 0, 0, 0, 0, 0, 0, 5.59324e-30, 1.76817e-27, 1.46486e-25, 5.68081e-24, 1.22742e-22, 1.67176e-21, 1.57354e-20, 1.09746e-19, 5.98445e-19, 2.66087e-18, 9.97316e-18, 3.23625e-17, 9.29082e-17, 2.40207e-16, 5.67588e-16, 1.24097e-15, 2.53702e-15, 4.89375e-15, 8.97751e-15, 1.57744e-14, 2.67219e-14, 4.39115e-14, 7.04093e-14, 1.10774e-13, 1.71874e-13, 2.64121e-13, 4.03266e-13, 6.12836e-13, 9.27262e-13, 1.39562e-12, 2.08579e-12, 3.08868e-12, 4.52204e-12, 6.53331e-12, 9.30098e-12, 1.30339e-11, 1.79683e-11
0, 0, 0, 0, 0, 0, 0, 0, 0, 0, 0, 0, 1.37208e-31, 3.93446e-28, 5.12272e-26, 2.71072e-24, 7.31448e-23, 1.17003e-21, 1.23844e-20, 9.41488e-20, 5.47048e-19, 2.54881e-18, 9.88681e-18, 3.28937e-17, 9.61389e-17, 2.51686e-16, 5.997e-16, 1.31794e-15, 2.7015e-15, 5.21438e-15, 9.55632e-15, 1.67518e-14, 2.82764e-14, 4.62478e-14, 7.37312e-14, 1.15231e-13, 1.77476e-13, 2.70622e-13, 4.10009e-13, 6.1858e-13, 9.30014e-13, 1.3925e-12, 2.07295e-12, 3.06135e-12, 4.47466e-12, 6.45984e-12, 9.19527e-12, 1.28901e-11, 1.77815e-11, 2.41286e-11
0, 0, 0, 0, 0, 0, 0, 0, 0, 0, 0, 0, 6.94958e-29, 1.59916e-26, 1.22109e-24, 4.25685e-23, 8.16366e-22, 9.83789e-21, 8.21101e-20, 5.10381e-19, 2.49656e-18, 1.00283e-17, 3.42014e-17, 1.01695e-16, 2.69318e-16, 6.46374e-16, 1.42618e-15, 2.92768e-15, 5.64835e-15, 1.03309e-14, 1.80504e-14, 3.03353e-14, 4.9349e-14, 7.81797e-14, 1.21311e-13, 1.85377e-13, 2.80338e-13, 4.21206e-13, 6.30458e-13, 9.41166e-13, 1.40082e-12, 2.07563e-12, 3.05494e-12, 4.45529e-12, 6.42356e-12, 9.13842e-12, 1.28099e-11, 1.76762e-11, 2.39982e-11, 3.20513e-11
0, 0, 0, 0, 0, 0, 0, 0, 0, 0, 0, 8.29382e-30, 4.32774e-27, 5.1285e-25, 2.4099e-23, 5.68086e-22, 7.9077e-21, 7.30484e-20, 4.87766e-19, 2.50941e-18, 1.04417e-17, 3.6485e-17, 1.10254e-16, 2.94983e-16, 7.12099e-16, 1.57518e-15, 3.23379e-15, 6.22778e-15, 1.13541e-14, 1.97516e-14, 3.30177e-14, 5.33808e-14, 8.39764e-14, 1.29298e-13, 1.9593e-13, 2.93694e-13, 4.37358e-13, 6.49039e-13, 9.61358e-13, 1.42131e-12, 2.09464e-12, 3.07038e-12, 4.46505e-12, 6.42583e-12, 9.1322e-12, 1.27954e-11, 1.76554e-11, 2.3975e-11, 3.20317e-11, 4.21069e-11
0, 0, 0, 0, 0, 0, 0, 0, 0, 0, 3.02628e-31, 9.73885e-28, 1.97498e-25, 1.32039e-23, 3.94497e-22, 6.45225e-21, 6.65714e-20, 4.79616e-19, 2.59932e-18, 1.12036e-17, 4.00687e-17, 1.22876e-16, 3.31564e-16, 8.03631e-16, 1.779e-15, 3.64631e-15, 6.99863e-15, 1.27001e-14, 2.19686e-14, 3.64872e-14, 5.85693e-14, 9.14212e-14, 1.39578e-13, 2.09612e-13, 3.11265e-13, 4.59141e-13, 6.75108e-13, 9.9149e-13, 1.45499e-12, 2.13116e-12, 3.10907e-12, 4.50559e-12, 6.46871e-12, 9.1792e-12, 1.28501e-11, 1.77234e-11, 2.40644e-11, 3.2153e-11, 4.22725e-11, 5.46981e-11
0, 0, 0, 0, 0, 0, 0, 0, 0, 0, 1.71057e-28, 6.81566e-26, 6.95471e-24, 2.73614e-22, 5.36633e-21, 6.24774e-20, 4.87856e-19, 2.7887e-18, 1.24437e-17, 4.5481e-17, 1.41252e-16, 3.83552e-16, 9.31296e-16, 2.05872e-15, 4.20425e-15, 8.02741e-15, 1.44748e-14, 2.48599e-14, 4.097e-14, 6.52226e-14, 1.00919e-13, 1.52662e-13, 2.27056e-13, 3.33814e-13, 4.87454e-13, 7.09711e-13, 1.03276e-12, 1.50324e-12, 2.1868e-12, 3.17289e-12, 4.5792e-12, 6.555e-12, 9.28293e-12, 1.29783e-11, 1.78859e-11, 2.42737e-11, 3.24242e-11, 4.26231e-11, 5.51467e-11, 7.02487e-11
0, 0, 0, 0, 0, 0, 0, 0, 0, 2.07449e-29, 2.04055e-26, 3.48967e-24, 1.89768e-22, 4.57394e-21, 6.07887e-20, 5.16779e-19, 3.11786e-18, 1.43838e-17, 5.36016e-17, 1.68131e-16, 4.58109e-16, 1.11121e-15, 2.44654e-15, 4.96601e-15, 9.41172e-15, 1.68304e-14, 2.86499e-14, 4.67801e-14, 7.37628e-14, 1.13015e-13, 1.69237e-13, 2.49099e-13, 3.62341e-13, 5.23473e-13, 7.54211e-13, 1.08676e-12, 1.5679e-12, 2.26368e-12, 3.26436e-12, 4.68889e-12, 6.68844e-12, 9.44805e-12, 1.3186e-11, 1.81503e-11, 2.46121e-11, 3.28569e-11, 4.31725e-11, 5.58367e-11, 7.11029e-11, 8.91874e-11
0, 0, 0, 0, 0, 0, 0, 0, 1.15366e-30, 5.05453e-27, 1.64721e-24, 1.31845e-22, 4.02398e-21, 6.18469e-20, 5.74849e-19, 3.65972e-18, 1.74139e-17, 6.59417e-17, 2.08132e-16, 5.66976e-16, 1.36916e-15, 2.99281e-15, 6.02072e-15, 1.12971e-14, 1.99892e-14, 3.3659e-14, 5.43581e-14, 8.47711e-14, 1.28451e-13, 1.90221e-13, 2.76849e-13, 3.98159e-13, 5.68729e-13, 8.10377e-13, 1.1555e-12, 1.65129e-12, 2.36455e-12, 3.38672e-12, 4.8386e-12, 6.87381e-12, 9.68053e-12, 1.34806e-11, 1.85258e-11, 2.50912e-11, 3.34653e-11, 4.39382e-11, 5.67886e-11, 7.22694e-11, 9.05945e-11, 1.11927e-10
0, 0, 0, 0, 0, 0, 0, 0, 9.63318e-28, 7.18388e-25, 9.19997e-23, 3.68956e-21, 6.65362e-20, 6.78565e-19, 4.55117e-18, 2.22483e-17, 8.52037e-17, 2.69297e-16, 7.30037e-16, 1.74761e-15, 3.77811e-15, 7.50724e-15, 1.39046e-14, 2.42805e-14, 4.03511e-14, 6.43279e-14, 9.90544e-14, 1.48237e-13, 2.16841e-13, 3.11771e-13, 4.4298e-13, 6.25201e-13, 8.80479e-13, 1.2416e-12, 1.75644e-12, 2.49288e-12, 3.54411e-12, 5.0333e-12, 7.11725e-12, 9.98794e-12, 1.38716e-11, 1.90244e-11, 2.57255e-11, 3.42671e-11, 4.49414e-11, 5.80277e-11, 7.37775e-11, 9.24015e-11, 1.14057e-10, 1.38839e-10
0, 0, 0, 0, 0, 0, 0, 1.25261e-28, 2.81859e-25, 6.47336e-23, 3.57318e-21, 7.68165e-20, 8.61421e-19, 6.06365e-18, 3.02691e-17, 1.16461e-16, 3.66237e-16, 9.82227e-16, 2.31871e-15, 4.93495e-15, 9.64689e-15, 1.75761e-14, 3.01992e-14, 4.94059e-14, 7.75817e-14, 1.17741e-13, 1.73756e-13, 2.50754e-13, 3.55803e-13, 4.99041e-13, 6.95444e-13, 9.67422e-13, 1.34837e-12, 1.88711e-12, 2.6531e-12, 3.74174e-12, 5.27928e-12, 7.42642e-12, 1.03798e-11, 1.43707e-11, 1.96605e-11, 2.65331e-11, 3.52841e-11, 4.62081e-11, 5.95843e-11, 7.56624e-11, 9.46482e-11, 1.16693e-10, 1.41882e-10, 1.70231e-10
0, 0, 0, 0, 0, 0, 8.72651e-30, 9.5452e-26, 4.62223e-23, 3.72511e-21, 9.70807e-20, 1.19641e-18, 8.77566e-18, 4.43273e-17, 1.69786e-16, 5.26803e-16, 1.38745e-15, 3.20925e-15, 6.68746e-15, 1.28007e-14, 2.28506e-14, 3.85017e-14, 6.18314e-14, 9.54073e-14, 1.4242e-13, 2.06913e-13, 2.94191e-13, 4.11515e-13, 5.69265e-13, 7.82754e-13, 1.07492e-12, 1.47998e-12, 2.04812e-12, 2.85076e-12, 3.98616e-12, 5.58441e-12, 7.81096e-12, 1.0868e-11, 1.49926e-11, 2.04523e-11, 2.75359e-11, 3.65429e-11, 4.77699e-11, 6.14955e-11, 7.79662e-11, 9.7382e-11, 1.19885e-10, 1.45552e-10, 1.74384e-10, 2.06312e-10
0, 0, 0, 0, 0, 9.74249e-32, 2.60596e-26, 3.38491e-23, 4.29837e-21, 1.38016e-19, 1.85901e-18, 1.40342e-17, 7.07691e-17, 2.66492e-16, 8.06956e-16, 2.0678e-15, 4.65013e-15, 9.42584e-15, 1.75713e-14, 3.05938e-14, 5.03601e-14, 7.91396e-14, 1.1968e-13, 1.75343e-13, 2.50344e-13, 3.50174e-13, 4.82322e-13, 6.57468e-13, 8.91379e-13, 1.20769e-12, 1.64176e-12, 2.24546e-12, 3.09279e-12, 4.28557e-12, 5.95854e-12, 8.28287e-12, 1.14672e-11, 1.57557e-11, 2.14222e-11, 2.87612e-11, 3.80763e-11, 4.96654e-11, 6.38059e-11, 8.07397e-11, 1.0066e-10, 1.23697e-10, 1.49916e-10, 1.79304e-10, 2.11776e-10, 2.47173e-10
0, 0, 0, 0, 0, 5.0772e-27, 2.59003e-23, 5.72678e-21, 2.29321e-19, 3.32754e-18, 2.53297e-17, 1.25019e-16, 4.55015e-16, 1.3258e-15, 3.26753e-15, 7.07749e-15, 1.38492e-14, 2.49877e-14, 4.22202e-14, 6.76146e-14, 1.0362e-13, 1.53147e-13, 2.19713e-13, 3.077e-13, 4.22795e-13, 5.7275e-13, 7.68627e-13, 1.02678e-12, 1.37176e-12, 1.84037e-12, 2.48669e-12, 3.3879e-12, 4.6502e-12, 6.41397e-12, 8.85716e-12, 1.2196e-11, 1.66826e-11, 2.25979e-11, 3.02427e-11, 3.99243e-11, 5.19414e-11, 6.65693e-11, 8.40438e-11, 1.04548e-10, 1.28202e-10, 1.55052e-10, 1.85073e-10, 2.1816e-10, 2.54136e-10, 2.9276e-10
0, 0, 0, 0, 5.53372e-28, 2.14473e-23, 9.42226e-21, 4.70421e-19, 7.13066e-18, 5.29397e-17, 2.48535e-16, 8.54408e-16, 2.35269e-15, 5.49869e-15, 1.13451e-14, 2.12445e-14, 3.68422e-14, 6.00741e-14, 9.3182e-14, 1.3876e-13, 1.99848e-13, 2.80094e-13, 3.84039e-13, 5.17584e-13, 6.88794e-13, 9.09216e-13, 1.19595e-12, 1.57476e-12, 2.08425e-12, 2.78128e-12, 3.74698e-12, 5.09287e-12, 6.96608e-12, 9.55257e-12, 1.30774e-11, 1.78014e-11, 2.40139e-11, 3.20218e-11, 4.21358e-11, 5.46552e-11, 6.98511e-11, 8.79515e-11, 1.09128e-10, 1.33485e-10, 1.61053e-10, 1.91785e-10, 2.25558e-10, 2.62178e-10, 3.01384e-10, 3.42861e-10
0, 0, 0, 1.89616e-29, 2.06673e-23, 2.14282e-20, 1.29089e-18, 1.92355e-17, 1.32052e-16, 5.6598e-16, 1.78267e-15, 4.53536e-15, 9.88395e-15, 1.91791e-14, 3.40343e-14, 5.63031e-14, 8.80762e-14, 1.31707e-13, 1.89878e-13, 2.65711e-13, 3.62963e-13, 4.86334e-13, 6.41976e-13, 8.38348e-13, 1.08761e-12, 1.40785e-12, 1.82632e-12, 2.38397e-12, 3.14109e-12, 4.18364e-12, 5.6296e-12, 7.63414e-12, 1.03926e-11, 1.41401e-11, 1.91475e-11, 2.57129e-11, 3.41495e-11, 4.47713e-11, 5.78764e-11, 7.37302e-11, 9.25508e-11, 1.14495e-10, 1.39649e-10, 1.68024e-10, 1.99551e-10, 2.34084e-10, 2.71409e-10, 3.11246e-10, 3.53265e-10, 3.97094e-10
0, 0, 1.78857e-32, 2.75274e-23, 8.23459e-20, 5.33195e-18, 6.9533e-17, 4.05852e-16, 1.49971e-15, 4.16204e-15, 9.52146e-15, 1.89789e-14, 3.41536e-14, 5.68427e-14, 8.9007e-14, 1.32788e-13, 1.90563e-13, 2.65032e-13, 3.59367e-13, 4.77429e-13, 6.24107e-13, 8.05878e-13, 1.03171e-12, 1.31458e-12, 1.67382e-12, 2.13861e-12, 2.75282e-12, 3.58098e-12, 4.71499e-12, 6.28056e-12, 8.44242e-12, 1.14068e-11, 1.54204e-11, 2.07651e-11, 2.77483e-11, 3.66896e-11, 4.79051e-11, 6.16903e-11, 7.83027e-11, 9.79472e-11, 1.20763e-10, 1.46816e-10, 1.76092e-10, 2.08498e-10, 2.43866e-10, 2.81956e-10, 3.2247e-10, 3.65061e-10, 4.09345e-10, 4.54915e-10
0, 0, 8.40979e-23, 7.81838e-19, 3.90952e-17, 3.59652e-16, 1.57324e-15, 4.65015e-15, 1.08562e-14, 2.16732e-14, 3.87242e-14, 6.37269e-14, 9.84829e-14, 1.44902e-13, 2.05057e-13, 2.8127e-13, 3.76229e-13, 4.93162e-13, 6.36079e-13, 8.10145e-13, 1.02228e-12, 1.28216e-12, 1.6038e-12, 2.00815e-12, 2.52684e-12, 3.2074e-12, 4.11959e-12, 5.36251e-12, 7.07119e-12, 9.42162e-12, 1.26327e-11, 1.69641e-11, 2.27099e-11, 3.0187e-11, 3.97211e-11, 5.16292e-11, 6.62016e-11, 8.36852e-11, 1.04268e-10, 1.28069e-10, 1.55127e-10, 1.85403e-10, 2.18776e-10, 2.5505e-10, 2.93962e-10, 3.35193e-10, 3.78379e-10, 4.23123e-10, 4.69012e-10, 5.15625e-10
0, 5.20774e-21, 3.68226e-17, 5.97788e-16, 2.71564e-15, 7.57322e-15, 1.65088e-14, 3.09989e-14, 5.2571e-14, 8.27623e-14, 1.2313e-13, 1.75297e-13, 2.41011e-13, 3.22234e-13, 4.21247e-13, 5.40782e-13, 6.84212e-13, 8.55817e-13, 1.06119e-12, 1.30788e-12, 1.60648e-12, 1.97242e-12, 2.4287e-12, 3.01004e-12, 3.7685e-12, 4.78035e-12, 6.1534e-12, 8.03385e-12, 1.06109e-11, 1.4118e-11, 1.88295e-11, 2.50524e-11, 3.31135e-11, 4.33433e-11, 5.60577e-11, 7.15391e-11, 9.002e-11, 1.11668e-10, 1.36575e-10, 1.64753e-10, 1.9613e-10, 2.30556e-10, 2.67805e-10, 3.0759e-10, 3.49568e-10, 3.9336e-10, 4.38559e-10, 4.84743e-10, 5.31493e-10, 5.78396e-10
6.07899e-15, 8.26312e-15, 1.43747e-14, 2.45789e-14, 3.99575e-14, 6.19299e-14, 9.18083e-14, 1.30825e-13, 1.80219e-13, 2.41303e-13, 3.15529e-13, 4.0456e-13, 5.10362e-13, 6.35312e-13, 7.82341e-13, 9.55131e-13, 1.1584e-12, 1.39837e-12, 1.68345e-12, 2.02548e-12, 2.44163e-12, 2.95754e-12, 3.61182e-12, 4.46221e-12, 5.59288e-12, 7.12231e-12, 9.20999e-12, 1.20606e-11, 1.59243e-11, 2.10915e-11, 2.7883e-11, 3.66349e-11, 4.76809e-11, 6.13329e-11, 7.78618e-11, 9.74806e-11, 1.20331e-10, 1.46476e-10, 1.75892e-10, 2.08474e-10, 2.44036e-10, 2.82324e-10, 3.23022e-10, 3.65767e-10, 4.10163e-10, 4.55793e-10, 5.02234e-10, 5.49066e-10, 5.95883e-10, 6.42306e-10
1.27664e-13, 1.33246e-13, 1.48883e-13, 1.74539e-13, 2.10351e-13, 2.56633e-13, 3.13954e-13, 3.83136e-13, 4.65251e-13, 5.61651e-13, 6.74025e-13, 8.04466e-13, 9.55583e-13, 1.13064e-12, 1.33376e-12, 1.57028e-12, 1.84722e-12, 2.1741e-12, 2.56429e-12, 3.03724e-12, 3.62186e-12, 4.36166e-12, 5.32138e-12, 6.59501e-12, 8.3139e-12, 1.06534e-11, 1.38363e-11, 1.81316e-11, 2.38472e-11, 3.13178e-11, 4.08879e-11, 5.28918e-11, 6.76333e-11, 8.53666e-11, 1.0628e-10, 1.30484e-10, 1.58004e-10, 1.8878e-10, 2.22668e-10, 2.59445e-10, 2.98824e-10, 3.40463e-10, 3.83977e-10, 4.28957e-10, 4.74979e-10, 5.21616e-10, 5.68455e-10, 6.15101e-10, 6.61186e-10, 7.06377e-10
4.99523e-13, 5.06816e-13, 5.28068e-13, 5.63568e-13, 6.13433e-13, 6.77792e-13, 7.57024e-13, 8.51872e-13, 9.6349e-13, 1.09351e-12, 1.24408e-12, 1.41803e-12, 1.61893e-12, 1.85141e-12, 2.12147e-12, 2.43709e-12, 2.80912e-12, 3.25286e-12, 3.79054e-12, 4.45525e-12, 5.29657e-12, 6.38804e-12, 7.83572e-12, 9.78661e-12, 1.24349e-11, 1.60244e-11, 2.0845e-11, 2.72234e-11, 3.55078e-11, 4.60486e-11, 5.91768e-11, 7.51829e-11, 9.4298e-11, 1.16679e-10, 1.42397e-10, 1.71437e-10, 2.03695e-10, 2.38983e-10, 2.77042e-10, 3.17551e-10, 3.60139e-10, 4.04405e-10, 4.49926e-10, 4.96274e-10, 5.43025e-10, 5.89774e-10, 6.3614e-10, 6.81772e-10, 7.26356e-10, 7.6962e-10
1.12852e-12, 1.13779e-12, 1.16372e-12, 1.20653e-12, 1.26663e-12, 1.34476e-12, 1.44196e-12, 1.55961e-12, 1.69951e-12, 1.86399e-12, 2.0561e-12, 2.27978e-12, 2.54021e-12, 2.84416e-12, 3.20072e-12, 3.6224e-12, 4.12688e-12, 4.73993e-12, 5.49987e-12, 6.46405e-12, 7.71701e-12, 9.37977e-12, 1.16183e-11, 1.46493e-11, 1.87403e-11, 2.42047e-11, 3.1388e-11, 4.06504e-11, 5.23446e-11, 6.67927e-11, 8.42646e-11, 1.0496e-10, 1.28997e-10, 1.564e-10, 1.87106e-10, 2.20962e-10, 2.57735e-10, 2.97126e-10, 3.38779e-10, 3.82302e-10, 4.27273e-10, 4.73263e-10, 5.19843e-10, 5.66598e-10, 6.13133e-10, 6.59085e-10, 7.04126e-10, 7.47965e-10, 7.90353e-10, 8.31083e-10
1.987e-12, 1.99794e-12, 2.0286e-12, 2.07977e-12, 2.15239e-12, 2.24772e-12, 2.36743e-12, 2.51368e-12, 2.68925e-12, 2.89769e-12, 3.14356e-12, 3.43282e-12, 3.77333e-12, 4.17569e-12, 4.6545e-12, 5.23057e-12, 5.93425e-12, 6.81066e-12, 7.92707e-12, 9.38198e-12, 1.1315e-11, 1.39152e-11, 1.74256e-11, 2.21411e-11, 2.83996e-11, 3.65651e-11, 4.70065e-11, 6.00729e-11, 7.60695e-11, 9.52365e-11, 1.17733e-10, 1.43626e-10, 1.7289e-10, 2.05403e-10, 2.4096e-10, 2.79283e-10, 3.20029e-10, 3.62814e-10, 4.0722e-10, 4.52816e-10, 4.99169e-10, 5.45854e-10, 5.92468e-10, 6.38635e-10, 6.84014e-10, 7.283e-10, 7.71232e-10, 8.12588e-10, 8.52188e-10, 8.89891e-10
3.07322e-12, 3.08708e-12, 3.1263e-12, 3.19163e-12, 3.28427e-12, 3.40602e-12, 3.55935e-12, 3.74748e-12, 3.97459e-12, 4.24609e-12, 4.56908e-12, 4.95291e-12, 5.41022e-12, 5.95854e-12, 6.62281e-12, 7.43948e-12, 8.46266e-12, 9.77248e-12, 1.14853e-11, 1.37639e-11, 1.68254e-11, 2.09435e-11, 2.64434e-11, 3.36881e-11, 4.30576e-11, 5.49235e-11, 6.96227e-11, 8.74329e-11, 1.08553e-10, 1.33088e-10, 1.61048e-10, 1.92343e-10, 2.26791e-10, 2.64131e-10, 3.04036e-10, 3.46125e-10, 3.89985e-10, 4.35183e-10, 4.8128e-10, 5.27845e-10, 5.74466e-10, 6.20758e-10, 6.66369e-10, 7.10983e-10, 7.54328e-10, 7.9617e-10, 8.36319e-10, 8.74623e-10, 9.10972e-10, 9.45287e-10
4.45398e-12, 4.47194e-12, 4.52327e-12, 4.60888e-12, 4.73053e-12, 4.89082e-12, 5.09332e-12, 5.34285e-12, 5.64578e-12, 6.01057e-12, 6.44851e-12, 6.97499e-12, 7.61139e-12, 8.38828e-12, 9.35032e-12, 1.05635e-11, 1.2125e-11, 1.41739e-11, 1.6902e-11, 2.05601e-11, 2.54573e-11, 3.1951e-11, 4.04277e-11, 5.12779e-11, 6.48668e-11, 8.15066e-11, 1.01433e-10, 1.24789e-10, 1.51615e-10, 1.81848e-10, 2.1533e-10, 2.51813e-10, 2.90979e-10, 3.32453e-10, 3.75821e-10, 4.20647e-10, 4.66488e-10, 5.12908e-10, 5.59485e-10, 6.05827e-10, 6.51574e-10, 6.96402e-10, 7.4003e-10, 7.82217e-10, 8.22764e-10, 8.61513e-10, 8.98345e-10, 9.33176e-10, 9.65954e-10, 9.96656e-10
6.23919e-12, 6.26343e-12, 6.33216e-12, 6.44698e-12, 6.61058e-12, 6.82694e-12, 7.10159e-12, 7.44209e-12, 7.85862e-12, 8.36498e-12, 8.98016e-12, 9.73078e-12, 1.0655e-11, 1.18086e-11, 1.32737e-11, 1.51696e-11, 1.76649e-11, 2.09873e-11, 2.54276e-11, 3.13338e-11, 3.90956e-11, 4.91185e-11, 6.17931e-11, 7.74639e-11, 9.64013e-11, 1.18781e-10, 1.44674e-10, 1.7404e-10, 2.06736e-10, 2.42527e-10, 2.81097e-10, 3.22072e-10, 3.65038e-10, 4.09552e-10, 4.55165e-10, 5.01434e-10, 5.47934e-10, 5.94264e-10, 6.40059e-10, 6.8499e-10, 7.28771e-10, 7.71156e-10, 8.11943e-10, 8.50969e-10, 8.88112e-10, 9.23281e-10, 9.56424e-10, 9.87512e-10, 1.01655e-09, 1.04355e-09
8.5969e-12, 8.62985e-12, 8.72444e-12, 8.88281e-12, 9.10924e-12, 9.41009e-12, 9.7944e-12, 1.02746e-11, 1.0868e-11, 1.15985e-11, 1.24998e-11, 1.36208e-11, 1.50325e-11, 1.68386e-11, 1.91881e-11, 2.22871e-11, 2.64073e-11, 3.18852e-11, 3.91099e-11, 4.84991e-11, 6.04666e-11, 7.5387e-11, 9.3563e-11, 1.15201e-10, 1.40396e-10, 1.69126e-10, 2.01258e-10, 2.36561e-10, 2.74719e-10, 3.15352e-10, 3.58038e-10, 4.02328e-10, 4.47765e-10, 4.939e-10, 5.403e-10, 5.86563e-10, 6.3232e-10, 6.77241e-10, 7.21038e-10, 7.63465e-10, 8.0432e-10, 8.4344e-10, 8.80701e-10, 9.16015e-10, 9.49325e-10, 9.80604e-10, 1.00985e-09, 1.03709e-09, 1.06235e-09, 1.08569e-09
1.1789e-11, 1.18362e-11, 1.19708e-11, 1.21968e-11, 1.25214e-11, 1.29553e-11, 1.3514e-11, 1.42194e-11, 1.51024e-11, 1.6207e-11, 1.75968e-11, 1.93642e-11, 2.16427e-11, 2.462e-11, 2.85498e-11, 3.37558e-11, 4.06242e-11, 4.95825e-11, 6.10654e-11, 7.54757e-11, 9.31464e-11, 1.1431e-10, 1.39082e-10, 1.67451e-10, 1.99286e-10, 2.34351e-10, 2.7232e-10, 3.12803e-10, 3.55364e-10, 3.99542e-10, 4.44872e-10, 4.90897e-10, 5.37182e-10, 5.83321e-10, 6.28947e-10, 6.73732e-10, 7.17392e-10, 7.59687e-10, 8.00417e-10, 8.39424e-10, 8.76589e-10, 9.11826e-10, 9.45082e-10, 9.76332e-10, 1.00557e-09, 1.03283e-09, 1.05814e-09, 1.08155e-09, 1.10314e-09, 1.12297e-09
1.6248e-11, 1.63181e-11, 1.65176e-11, 1.68539e-11, 1.73395e-11, 1.79938e-11, 1.88451e-11, 1.99342e-11, 2.13196e-11, 2.30863e-11, 2.53568e-11, 2.83047e-11, 3.21685e-11, 3.72597e-11, 4.39603e-11, 5.2705e-11, 6.39478e-11, 7.81179e-11, 9.55758e-11, 1.16577e-10, 1.41247e-10, 1.69579e-10, 2.01432e-10, 2.36553e-10, 2.74598e-10, 3.15154e-10, 3.57767e-10, 4.0196e-10, 4.47257e-10, 4.93194e-10, 5.39334e-10, 5.85275e-10, 6.30653e-10, 6.75151e-10, 7.18492e-10, 7.60446e-10, 8.00824e-10, 8.39478e-10, 8.76298e-10, 9.11205e-10, 9.44152e-10, 9.7512e-10, 1.00411e-09, 1.03115e-09, 1.05627e-09, 1.07954e-09, 1.10101e-09, 1.12076e-09, 1.13888e-09, 1.15544e-09
2.27193e-11, 2.28279e-11, 2.31387e-11, 2.3665e-11, 2.44305e-11, 2.54721e-11, 2.68445e-11, 2.86277e-11, 3.09369e-11, 3.39365e-11, 3.78539e-11, 4.29909e-11, 4.97249e-11, 5.84961e-11, 6.97747e-11, 8.40141e-11, 1.01599e-10, 1.228e-10, 1.47747e-10, 1.7642e-10, 2.08656e-10, 2.44172e-10, 2.82588e-10, 3.23461e-10, 3.66309e-10, 4.10637e-10, 4.55955e-10, 5.01797e-10, 5.47727e-10, 5.93351e-10, 6.38319e-10, 6.82326e-10, 7.25113e-10, 7.66468e-10, 8.06217e-10, 8.44229e-10, 8.80407e-10, 9.14686e-10, 9.47028e-10, 9.77423e-10, 1.00588e-09, 1.03243e-09, 1.05711e-09, 1.07998e-09, 1.1011e-09, 1.12055e-09, 1.13841e-09, 1.15476e-09, 1.16968e-09, 1.18326e-09
3.25606e-11, 3.27399e-11, 3.32535e-11, 3.41281e-11, 3.54109e-11, 3.71759e-11, 3.95329e-11, 4.26399e-11, 4.67177e-11, 5.20616e-11, 5.90452e-11, 6.81114e-11, 7.97423e-11, 9.44103e-11, 1.12518e-10, 1.34343e-10, 1.60004e-10, 1.89452e-10, 2.22481e-10, 2.58757e-10, 2.9785e-10, 3.39274e-10, 3.82512e-10, 4.27048e-10, 4.72383e-10, 5.18051e-10, 5.63626e-10, 6.08732e-10, 6.53038e-10, 6.96265e-10, 7.38181e-10, 7.78597e-10, 8.17366e-10, 8.54376e-10, 8.89552e-10, 9.22844e-10, 9.54231e-10, 9.83714e-10, 1.01131e-09, 1.03705e-09, 1.06099e-09, 1.08318e-09, 1.10369e-09, 1.1226e-09, 1.13997e-09, 1.1559e-09, 1.17045e-09, 1.18372e-09, 1.19579e-09, 1.20674e-09
4.84016e-11, 4.87167e-11, 4.96231e-11, 5.11752e-11, 5.34693e-11, 5.66539e-11, 6.09424e-11, 6.66245e-11, 7.40693e-11, 8.37167e-11, 9.60511e-11, 1.11553e-10, 1.3063e-10, 1.53554e-10, 1.80411e-10, 2.11099e-10, 2.45339e-10, 2.82724e-10, 3.22754e-10, 3.64888e-10, 4.08572e-10, 4.5327e-10, 4.98482e-10, 5.43751e-10, 5.88678e-10, 6.32914e-10, 6.76165e-10, 7.18187e-10, 7.58786e-10, 7.97806e-10, 8.35133e-10, 8.70686e-10, 9.04411e-10, 9.36283e-10, 9.66297e-10, 9.94466e-10, 1.02082e-09, 1.0454e-09, 1.06826e-09, 1.08946e-09, 1.10907e-09, 1.12715e-09, 1.14379e-09, 1.15906e-09, 1.17303e-09, 1.1858e-09, 1.19742e-09, 1.20799e-09, 1.21757e-09, 1.22624e-09
7.55986e-11, 7.61882e-11, 7.78863e-11, 8.08004e-11, 8.5115e-11, 9.10985e-11, 9.91027e-11, 1.09548e-10, 1.22898e-10, 1.39615e-10, 1.6009e-10, 1.84564e-10, 2.13064e-10, 2.45393e-10, 2.81168e-10, 3.19874e-10, 3.60925e-10, 4.03717e-10, 4.47661e-10, 4.92216e-10, 5.36896e-10, 5.81277e-10, 6.25002e-10, 6.67772e-10, 7.09345e-10, 7.49528e-10, 7.88175e-10, 8.25176e-10, 8.60454e-10, 8.93964e-10, 9.2568e-10, 9.55602e-10, 9.83743e-10, 1.01013e-09, 1.0348e-09, 1.05781e-09, 1.07922e-09, 1.09907e-09, 1.11745e-09, 1.13442e-09, 1.15004e-09, 1.16441e-09, 1.17757e-09, 1.18962e-09, 1.20061e-09, 1.21062e-09, 1.21972e-09, 1.22797e-09, 1.23544e-09, 1.24217e-09
1.25244e-10, 1.26376e-10, 1.29627e-10, 1.35172e-10, 1.43282e-10, 1.54303e-10, 1.68617e-10, 1.86609e-10, 2.08609e-10, 2.34787e-10, 2.65065e-10, 2.99104e-10, 3.36362e-10, 3.76182e-10, 4.17874e-10, 4.60776e-10, 5.04288e-10, 5.47888e-10, 5.91138e-10, 6.33679e-10, 6.75224e-10, 7.15548e-10, 7.54478e-10, 7.91888e-10, 8.27689e-10, 8.61822e-10, 8.94256e-10, 9.24978e-10, 9.53995e-10, 9.81327e-10, 1.007e-09, 1.03107e-09, 1.05356e-09, 1.07455e-09, 1.09407e-09, 1.1122e-09, 1.129e-09, 1.14453e-09, 1.15886e-09, 1.17205e-09, 1.18417e-09, 1.19528e-09, 1.20544e-09, 1.21472e-09, 1.22317e-09, 1.23086e-09, 1.23783e-09, 1.24415e-09, 1.24985e-09, 1.255e-09
2.18583e-10, 2.20633e-10, 2.26461e-10, 2.36189e-10, 2.4998e-10, 2.68022e-10, 2.90499e-10, 3.17449e-10, 3.48619e-10, 3.83433e-10, 4.21108e-10, 4.60799e-10, 5.0171e-10, 5.4315e-10, 5.84554e-10, 6.25473e-10, 6.65566e-10, 7.04577e-10, 7.42319e-10, 7.7866e-10, 8.13512e-10, 8.46821e-10, 8.78555e-10, 9.08708e-10, 9.37284e-10, 9.64302e-10, 9.89791e-10, 1.01378e-09, 1.03632e-09, 1.05745e-09, 1.07723e-09, 1.09569e-09, 1.11289e-09, 1.1289e-09, 1.14376e-09, 1.15753e-09, 1.17026e-09, 1.18202e-09, 1.19284e-09, 1.2028e-09, 1.21193e-09, 1.2203e-09, 1.22795e-09, 1.23492e-09, 1.24128e-09, 1.24705e-09, 1.25228e-09, 1.25702e-09, 1.2613e-09, 1.26515e-09
3.85989e-10, 3.88953e-10, 3.97284e-10, 4.1096e-10, 4.29987e-10, 4.54203e-10, 4.83027e-10, 5.15448e-10, 5.50296e-10, 5.86493e-10, 6.23179e-10, 6.59719e-10, 6.95668e-10, 7.30727e-10, 7.64696e-10, 7.97453e-10, 8.28921e-10, 8.59062e-10, 8.87858e-10, 9.1531e-10, 9.41429e-10, 9.66234e-10, 9.89752e-10, 1.01201e-09, 1.03304e-09, 1.05288e-09, 1.07156e-09, 1.08913e-09, 1.10561e-09, 1.12106e-09, 1.13551e-09, 1.149e-09, 1.16157e-09, 1.17326e-09, 1.18412e-09, 1.19419e-09, 1.2035e-09, 1.2121e-09, 1.22002e-09, 1.22731e-09, 1.234e-09, 1.24013e-09, 1.24574e-09, 1.25086e-09, 1.25552e-09, 1.25976e-09, 1.2636e-09, 1.26708e-09, 1.27023e-09, 1.27307e-09
6.41407e-10, 6.44916e-10, 6.54748e-10, 6.70479e-10, 6.91043e-10, 7.14815e-10, 7.40252e-10, 7.66278e-10, 7.92256e-10, 8.17833e-10, 8.42821e-10, 8.67118e-10, 8.90672e-10, 9.13453e-10, 9.35448e-10, 9.56648e-10, 9.77051e-10, 9.96657e-10, 1.01547e-09, 1.03348e-09, 1.05072e-09, 1.06717e-09, 1.08284e-09, 1.09776e-09, 1.11193e-09, 1.12535e-09, 1.13806e-09, 1.15006e-09, 1.16137e-09, 1.17201e-09, 1.18199e-09, 1.19135e-09, 1.20011e-09, 1.20828e-09, 1.21588e-09, 1.22296e-09, 1.22952e-09, 1.23559e-09, 1.2412e-09, 1.24637e-09, 1.25113e-09, 1.2555e-09, 1.25951e-09, 1.26317e-09, 1.26651e-09, 1.26955e-09, 1.27232e-09, 1.27482e-09, 1.27709e-09, 1.27914e-09
9.71264e-10, 9.73426e-10, 9.78356e-10, 9.84247e-10, 9.90407e-10, 9.96855e-10, 1.00375e-09, 1.01118e-09, 1.01919e-09, 1.02776e-09, 1.03681e-09, 1.04627e-09, 1.05605e-09, 1.06608e-09, 1.07626e-09, 1.08653e-09, 1.0968e-09, 1.10702e-09, 1.11713e-09, 1.12708e-09, 1.13684e-09, 1.14635e-09, 1.15559e-09, 1.16454e-09, 1.17317e-09, 1.18146e-09, 1.18941e-09, 1.19701e-09, 1.20424e-09, 1.21111e-09, 1.21762e-09, 1.22377e-09, 1.22956e-09, 1.235e-09, 1.2401e-09, 1.24487e-09, 1.24932e-09, 1.25345e-09, 1.25729e-09, 1.26085e-09, 1.26413e-09, 1.26716e-09, 1.26994e-09, 1.27249e-09, 1.27483e-09, 1.27696e-09, 1.2789e-09, 1.28067e-09, 1.28227e-09, 1.28372e-09
1.22141e-09, 1.21935e-09, 1.21391e-09, 1.20659e-09, 1.19885e-09, 1.19163e-09, 1.1854e-09, 1.18037e-09, 1.17661e-09, 1.17408e-09, 1.17272e-09, 1.17242e-09, 1.17307e-09, 1.17455e-09, 1.17674e-09, 1.17954e-09, 1.18285e-09, 1.18656e-09, 1.19061e-09, 1.1949e-09, 1.19937e-09, 1.20396e-09, 1.20862e-09, 1.21329e-09, 1.21795e-09, 1.22255e-09, 1.22707e-09, 1.23148e-09, 1.23575e-09, 1.23988e-09, 1.24386e-09, 1.24766e-09, 1.25128e-09, 1.25473e-09, 1.25799e-09, 1.26106e-09, 1.26396e-09, 1.26667e-09, 1.2692e-09, 1.27156e-09, 1.27376e-09, 1.27579e-09, 1.27767e-09, 1.27941e-09, 1.281e-09, 1.28246e-09, 1.28379e-09, 1.28501e-09, 1.28612e-09, 1.28713e-09
1.27626e-09, 1.27604e-09, 1.27534e-09, 1.27397e-09, 1.27164e-09, 1.26829e-09, 1.2642e-09, 1.25976e-09, 1.25531e-09, 1.25114e-09, 1.24743e-09, 1.24428e-09, 1.24176e-09, 1.23987e-09, 1.23859e-09, 1.23788e-09, 1.23771e-09, 1.238e-09, 1.23872e-09, 1.23979e-09, 1.24118e-09, 1.24281e-09, 1.24465e-09, 1.24666e-09, 1.24879e-09, 1.25101e-09, 1.25328e-09, 1.25558e-09, 1.25788e-09, 1.26016e-09, 1.26241e-09, 1.26461e-09, 1.26674e-09, 1.2688e-09, 1.27078e-09, 1.27268e-09, 1.27448e-09, 1.27618e-09, 1.27779e-09, 1.27931e-09, 1.28073e-09, 1.28205e-09, 1.28329e-09, 1.28443e-09, 1.28549e-09, 1.28646e-09, 1.28736e-09, 1.28818e-09, 1.28893e-09, 1.28962e-09
1.29099e-09, 1.29091e-09, 1.29069e-09, 1.29031e-09, 1.28975e-09, 1.28894e-09, 1.28779e-09, 1.28623e-09, 1.2843e-09, 1.28211e-09, 1.27978e-09, 1.27745e-09, 1.27522e-09, 1.27319e-09, 1.27141e-09, 1.26991e-09, 1.26872e-09, 1.26784e-09, 1.26725e-09, 1.26695e-09, 1.2669e-09, 1.26709e-09, 1.26748e-09, 1.26806e-09, 1.26878e-09, 1.26963e-09, 1.27059e-09, 1.27162e-09, 1.27272e-09, 1.27386e-09, 1.27502e-09, 1.27619e-09, 1.27736e-09, 1.27851e-09, 1.27965e-09, 1.28075e-09, 1.28182e-09, 1.28285e-09, 1.28383e-09, 1.28477e-09, 1.28565e-09, 1.28649e-09, 1.28727e-09, 1.28801e-09, 1.28869e-09, 1.28933e-09, 1.28992e-09, 1.29046e-09, 1.29096e-09, 1.29141e-09
1.29478e-09, 1.29476e-09, 1.29467e-09, 1.29454e-09, 1.29435e-09, 1.2941e-09, 1.29377e-09, 1.29334e-09, 1.29275e-09, 1.29199e-09, 1.29107e-09, 1.29e-09, 1.28884e-09, 1.28764e-09, 1.28645e-09, 1.28531e-09, 1.28427e-09, 1.28335e-09, 1.28258e-09, 1.28195e-09, 1.28147e-09, 1.28114e-09, 1.28096e-09, 1.28091e-09, 1.28098e-09, 1.28117e-09, 1.28144e-09, 1.2818e-09, 1.28223e-09, 1.28271e-09, 1.28324e-09, 1.28381e-09, 1.28439e-09, 1.28499e-09, 1.2856e-09, 1.28621e-09, 1.28681e-09, 1.2874e-09, 1.28797e-09, 1.28852e-09, 1.28906e-09, 1.28956e-09, 1.29005e-09, 1.2905e-09, 1.29093e-09, 1.29134e-09, 1.29171e-09, 1.29206e-09, 1.29239e-09, 1.29268e-09
1.29534e-09, 1.29533e-09, 1.29532e-09, 1.29529e-09, 1.29525e-09, 1.29519e-09, 1.29511e-09, 1.29499e-09, 1.29483e-09, 1.29462e-09, 1.29434e-09, 1.29397e-09, 1.29352e-09, 1.293e-09, 1.29242e-09, 1.29181e-09, 1.2912e-09, 1.2906e-09, 1.29003e-09, 1.28952e-09, 1.28906e-09, 1.28868e-09, 1.28838e-09, 1.28815e-09, 1.28799e-09, 1.28791e-09, 1.2879e-09, 1.28795e-09, 1.28805e-09, 1.2882e-09, 1.2884e-09, 1.28863e-09, 1.28889e-09, 1.28917e-09, 1.28947e-09, 1.28978e-09, 1.29009e-09, 1.29041e-09, 1.29073e-09, 1.29104e-09, 1.29135e-09, 1.29165e-09, 1.29194e-09, 1.29221e-09, 1.29247e-09, 1.29272e-09, 1.29296e-09, 1.29317e-09, 1.29338e-09, 1.29357e-09
1.29534e-09, 1.29534e-09, 1.29534e-09, 1.29534e-09, 1.29534e-09, 1.29533e-09, 1.29532e-09, 1.2953e-09, 1.29527e-09, 1.29521e-09, 1.29514e-09, 1.29504e-09, 1.2949e-09, 1.29472e-09, 1.29449e-09, 1.29423e-09, 1.29395e-09, 1.29364e-09, 1.29332e-09, 1.29301e-09, 1.29271e-09, 1.29243e-09, 1.29218e-09, 1.29196e-09, 1.29178e-09, 1.29164e-09, 1.29154e-09, 1.29148e-09, 1.29145e-09, 1.29146e-09, 1.2915e-09, 1.29157e-09, 1.29166e-09, 1.29177e-09, 1.2919e-09, 1.29204e-09, 1.2922e-09, 1.29236e-09, 1.29252e-09, 1.29269e-09, 1.29286e-09, 1.29303e-09, 1.29319e-09, 1.29335e-09, 1.29351e-09, 1.29366e-09, 1.2938e-09, 1.29393e-09, 1.29406e-09, 1.29418e-09
1.29534e-09, 1.29534e-09, 1.29534e-09, 1.29534e-09, 1.29534e-09, 1.29534e-09, 1.29534e-09, 1.29534e-09, 1.29533e-09, 1.29532e-09, 1.29531e-09, 1.29528e-09, 1.29525e-09, 1.2952e-09, 1.29512e-09, 1.29503e-09, 1.29492e-09, 1.29479e-09, 1.29464e-09, 1.29448e-09, 1.29432e-09, 1.29415e-09, 1.29399e-09, 1.29385e-09, 1.29371e-09, 1.29359e-09, 1.29349e-09, 1.29341e-09, 1.29335e-09, 1.29332e-09, 1.2933e-09, 1.2933e-09, 1.29331e-09, 1.29334e-09, 1.29339e-09, 1.29344e-09, 1.29351e-09, 1.29358e-09, 1.29366e-09, 1.29375e-09, 1.29383e-09, 1.29392e-09, 1.29401e-09, 1.2941e-09, 1.29419e-09, 1.29428e-09, 1.29436e-09, 1.29444e-09, 1.29452e-09, 1.29459e-09
1.29534e-09, 1.29534e-09, 1.29534e-09, 1.29534e-09, 1.29534e-09, 1.29534e-09, 1.29534e-09, 1.29534e-09, 1.29534e-09, 1.29534e-09, 1.29534e-09, 1.29533e-09, 1.29532e-09, 1.29531e-09, 1.29529e-09, 1.29526e-09, 1.29523e-09, 1.29518e-09, 1.29512e-09, 1.29505e-09, 1.29497e-09, 1.29489e-09, 1.2948e-09, 1.29472e-09, 1.29464e-09, 1.29456e-09, 1.29449e-09, 1.29442e-09, 1.29437e-09, 1.29433e-09, 1.29429e-09, 1.29427e-09, 1.29426e-09, 1.29426e-09, 1.29426e-09, 1.29428e-09, 1.2943e-09, 1.29433e-09, 1.29436e-09, 1.2944e-09, 1.29444e-09, 1.29449e-09, 1.29454e-09, 1.29458e-09, 1.29463e-09, 1.29468e-09, 1.29473e-09, 1.29477e-09, 1.29482e-09, 1.29486e-09
1.29534e-09, 1.29534e-09, 1.29534e-09, 1.29534e-09, 1.29534e-09, 1.29534e-09, 1.29534e-09, 1.29534e-09, 1.29534e-09, 1.29534e-09, 1.29534e-09, 1.29534e-09, 1.29534e-09, 1.29534e-09, 1.29533e-09, 1.29532e-09, 1.29531e-09, 1.2953e-09, 1.29528e-09, 1.29525e-09, 1.29522e-09, 1.29518e-09, 1.29514e-09, 1.2951e-09, 1.29505e-09, 1.29501e-09, 1.29496e-09, 1.29492e-09, 1.29489e-09, 1.29485e-09, 1.29482e-09, 1.2948e-09, 1.29478e-09, 1.29477e-09, 1.29476e-09, 1.29476e-09, 1.29477e-09, 1.29477e-09, 1.29479e-09, 1.2948e-09, 1.29482e-09, 1.29484e-09, 1.29486e-09, 1.29489e-09, 1.29491e-09, 1.29494e-09, 1.29496e-09, 1.29499e-09, 1.29502e-09, 1.29504e-09
1.29534e-09, 1.29534e-09, 1.29534e-09, 1.29534e-09, 1.29534e-09, 1.29534e-09, 1.29534e-09, 1.29534e-09, 1.29534e-09, 1.29534e-09, 1.29534e-09, 1.29534e-09, 1.29534e-09, 1.29534e-09, 1.29534e-09, 1.29534e-09, 1.29534e-09, 1.29533e-09, 1.29532e-09, 1.29532e-09, 1.2953e-09, 1.29529e-09, 1.29527e-09, 1.29525e-09, 1.29523e-09, 1.29521e-09, 1.29518e-09, 1.29516e-09, 1.29514e-09, 1.29511e-09, 1.2951e-09, 1.29508e-09, 1.29506e-09, 1.29505e-09, 1.29504e-09, 1.29504e-09, 1.29503e-09, 1.29503e-09, 1.29503e-09, 1.29504e-09, 1.29504e-09, 1.29505e-09, 1.29506e-09, 1.29507e-09, 1.29509e-09, 1.2951e-09, 1.29511e-09, 1.29513e-09, 1.29514e-09, 1.29516e-09
1.29534e-09, 1.29534e-09, 1.29534e-09, 1.29534e-09, 1.29534e-09, 1.29534e-09, 1.29534e-09, 1.29534e-09, 1.29534e-09, 1.29534e-09, 1.29534e-09, 1.29534e-09, 1.29534e-09, 1.29534e-09, 1.29534e-09, 1.29534e-09, 1.29534e-09, 1.29534e-09, 1.29534e-09, 1.29533e-09, 1.29533e-09, 1.29533e-09, 1.29532e-09, 1.29531e-09, 1.2953e-09, 1.29529e-09, 1.29528e-09, 1.29527e-09, 1.29525e-09, 1.29524e-09, 1.29523e-09, 1.29522e-09, 1.29521e-09, 1.2952e-09, 1.29519e-09, 1.29518e-09, 1.29518e-09, 1.29518e-09, 1.29518e-09, 1.29518e-09, 1.29518e-09, 1.29518e-09, 1.29518e-09, 1.29519e-09, 1.29519e-09, 1.2952e-09, 1.29521e-09, 1.29521e-09, 1.29522e-09, 1.29523e-09
1.29534e-09, 1.29534e-09, 1.29534e-09, 1.29534e-09, 1.29534e-09, 1.29534e-09, 1.29534e-09, 1.29534e-09, 1.29534e-09, 1.29534e-09, 1.29534e-09, 1.29534e-09, 1.29534e-09, 1.29534e-09, 1.29534e-09, 1.29534e-09, 1.29534e-09, 1.29534e-09, 1.29534e-09, 1.29534e-09, 1.29534e-09, 1.29534e-09, 1.29533e-09, 1.29533e-09, 1.29533e-09, 1.29532e-09, 1.29532e-09, 1.29531e-09, 1.29531e-09, 1.2953e-09, 1.29529e-09, 1.29529e-09, 1.29528e-09, 1.29527e-09, 1.29527e-09, 1.29526e-09, 1.29526e-09, 1.29526e-09, 1.29525e-09, 1.29525e-09, 1.29525e-09, 1.29525e-09, 1.29525e-09, 1.29525e-09, 1.29526e-09, 1.29526e-09, 1.29526e-09, 1.29527e-09, 1.29527e-09, 1.29527e-09
