0, 0, 0, 0, 0, 0, 0, 0, 0, 5.04277e-31, 1.42346e-27, 3.5189e-25, 2.52934e-23, 7.57565e-22, 1.19646e-20, 1.16936e-19, 7.9103e-19, 4.01345e-18, 1.62011e-17, 5.43864e-17, 1.57052e-16, 4.00517e-16, 9.20967e-16, 1.94152e-15, 3.80355e-15, 7.00218e-15, 1.22276e-14, 2.04168e-14, 3.28274e-14, 5.1151e-14, 7.77031e-14, 1.1574e-13, 1.69978e-13, 2.47407e-13, 3.58493e-13, 5.18841e-13, 7.51338e-13, 1.0887e-12, 1.57627e-12, 2.27473e-12, 3.26245e-12, 4.63693e-12, 6.51515e-12, 9.03227e-12, 1.23388e-11, 1.65961e-11, 2.19703e-11, 2.86251e-11, 3.67146e-11, 4.63747e-11
0, 0, 0, 0, 0, 0, 0, 0, 0, 2.63983e-28, 1.36211e-25, 1.52529e-23, 6.01088e-22, 1.12738e-20, 1.22757e-19, 8.8827e-19, 4.69519e-18, 1.94046e-17, 6.59234e-17, 1.91163e-16, 4.86998e-16, 1.11476e-15, 2.33408e-15, 4.53476e-15, 8.27162e-15, 1.43038e-14, 2.36438e-14, 3.7627e-14, 5.80214e-14, 8.72117e-14, 1.28511e-13, 1.86675e-13, 2.68718e-13, 3.85127e-13, 5.51551e-13, 7.90988e-13, 1.13641e-12, 1.63361e-12, 2.34405e-12, 3.34718e-12, 4.74198e-12, 6.6472e-12, 9.20003e-12, 1.2553e-11, 1.68694e-11, 2.23169e-11, 2.90603e-11, 3.72536e-11, 4.70323e-11, 5.85057e-11
0, 0, 0, 0, 0, 0, 0, 0, 3.41614e-29, 4.64739e-26, 8.98494e-24, 4.88848e-22, 1.11207e-20, 1.35931e-19, 1.05303e-18, 5.78504e-18, 2.43861e-17, 8.34872e-17, 2.42075e-16, 6.13581e-16, 1.39302e-15, 2.88724e-15, 5.54666e-15, 9.99835e-15, 1.70826e-14, 2.78984e-14, 4.38697e-14, 6.68508e-14, 9.93074e-14, 1.44625e-13, 2.07625e-13, 2.95385e-13, 4.1847e-13, 5.92661e-13, 8.412e-13, 1.19749e-12, 1.70802e-12, 2.43531e-12, 3.46027e-12, 4.88374e-12, 6.82666e-12, 9.42859e-12, 1.28445e-11, 1.72397e-11, 2.27836e-11, 2.96417e-11, 3.79682e-11, 4.78971e-11, 5.95356e-11, 7.29574e-11
0, 0, 0, 0, 0, 0, 0, 2.38027e-30, 1.33536e-26, 5.14372e-24, 4.11198e-22, 1.16315e-20, 1.6078e-19, 1.3325e-18, 7.57618e-18, 3.23948e-17, 1.11122e-16, 3.20416e-16, 8.04006e-16, 1.80231e-15, 3.68326e-15, 6.97252e-15, 1.23835e-14, 2.08501e-14, 3.35684e-14, 5.20589e-14, 7.82708e-14, 1.14761e-13, 1.65001e-13, 2.33903e-13, 3.28646e-13, 4.59937e-13, 6.43788e-13, 9.03824e-13, 1.27407e-12, 1.80201e-12, 2.55152e-12, 3.60538e-12, 5.06671e-12, 7.0591e-12, 9.72491e-12, 1.32218e-11, 1.77175e-11, 2.33829e-11, 3.03845e-11, 3.88757e-11, 4.89891e-11, 6.08288e-11, 7.44643e-11, 8.99261e-11
0, 0, 0, 0, 0, 0, 1.17838e-32, 3.00676e-27, 2.84137e-24, 3.62435e-22, 1.31266e-20, 2.06492e-19, 1.82479e-18, 1.06634e-17, 4.5885e-17, 1.56494e-16, 4.45596e-16, 1.10003e-15, 2.42163e-15, 4.85687e-15, 9.02363e-15, 1.57363e-14, 2.60338e-14, 4.12169e-14, 6.29087e-14, 9.31578e-14, 1.34618e-13, 1.90865e-13, 2.66919e-13, 3.70106e-13, 5.11347e-13, 7.06989e-13, 9.81203e-13, 1.36887e-12, 1.91874e-12, 2.69645e-12, 3.78708e-12, 5.29654e-12, 7.35152e-12, 1.00976e-11, 1.36956e-11, 1.83157e-11, 2.41305e-11, 3.13069e-11, 3.99975e-11, 5.03325e-11, 6.24122e-11, 7.6301e-11, 9.20232e-11, 1.09561e-10
0, 0, 0, 0, 0, 0, 4.69906e-28, 1.49877e-24, 3.41328e-22, 1.63773e-20, 2.94273e-19, 2.75197e-18, 1.63477e-17, 7.00025e-17, 2.34953e-16, 6.54719e-16, 1.57797e-15, 3.38927e-15, 6.63463e-15, 1.20421e-14, 2.05402e-14, 3.32804e-14, 5.16717e-14, 7.74402e-14, 1.12734e-13, 1.6031e-13, 2.23854e-13, 3.08528e-13, 4.21849e-13, 5.75029e-13, 7.84875e-13, 1.07629e-12, 1.48527e-12, 2.06217e-12, 2.87483e-12, 4.01112e-12, 5.58026e-12, 7.71261e-12, 1.05575e-11, 1.42791e-11, 1.90502e-11, 2.50452e-11, 3.2431e-11, 4.13589e-11, 5.1956e-11, 6.43176e-11, 7.85021e-11, 9.45264e-11, 1.12364e-10, 1.31947e-10
0, 0, 0, 0, 0, 4.06261e-29, 7.4299e-25, 3.54048e-22, 2.33898e-20, 4.79078e-19, 4.67255e-18, 2.77423e-17, 1.16368e-16, 3.79167e-16, 1.02232e-15, 2.38298e-15, 4.95522e-15, 9.40725e-15, 1.65929e-14, 2.75624e-14, 4.35804e-14, 6.61595e-14, 9.71222e-14, 1.38712e-13, 1.93789e-13, 2.66165e-13, 3.61171e-13, 4.8657e-13, 6.5396e-13, 8.80756e-13, 1.19281e-12, 1.62752e-12, 2.23727e-12, 3.09257e-12, 4.28465e-12, 5.92666e-12, 8.15319e-12, 1.11178e-11, 1.49883e-11, 1.99406e-11, 2.61501e-11, 3.37839e-11, 4.29908e-11, 5.3894e-11, 6.6583e-11, 8.11085e-11, 9.74789e-11, 1.15659e-10, 1.3557e-10, 1.57092e-10
0, 0, 0, 0, 1.1326e-30, 3.37275e-25, 4.25134e-22, 4.02561e-20, 9.26938e-19, 9.1851e-18, 5.31199e-17, 2.13515e-16, 6.63419e-16, 1.70613e-15, 3.80265e-15, 7.5859e-15, 1.38651e-14, 2.36264e-14, 3.80376e-14, 5.84648e-14, 8.65087e-14, 1.24075e-13, 1.73493e-13, 2.37728e-13, 3.20734e-13, 4.28048e-13, 5.67752e-13, 7.51941e-13, 9.98816e-13, 1.33543e-12, 1.80095e-12, 2.45023e-12, 3.35705e-12, 4.61662e-12, 6.3467e-12, 8.68675e-12, 1.1795e-11, 1.58435e-11, 2.10107e-11, 2.74735e-11, 3.5398e-11, 4.49302e-11, 5.61877e-11, 6.92531e-11, 8.41681e-11, 1.00931e-10, 1.19496e-10, 1.39774e-10, 1.61636e-10, 1.84917e-10
0, 0, 0, 0, 1.33826e-25, 6.44698e-22, 9.03116e-20, 2.25031e-18, 2.16464e-17, 1.17297e-16, 4.38283e-16, 1.26886e-15, 3.05805e-15, 6.42956e-15, 1.2177e-14, 2.12534e-14, 3.4764e-14, 5.39704e-14, 8.03119e-14, 1.15452e-13, 1.61357e-13, 2.20438e-13, 2.95769e-13, 3.91472e-13, 5.13345e-13, 6.69877e-13, 8.73807e-13, 1.14433e-12, 1.51001e-12, 2.01222e-12, 2.70882e-12, 3.6775e-12, 5.01823e-12, 6.85408e-12, 9.33009e-12, 1.26098e-11, 1.68693e-11, 2.22902e-11, 2.905e-11, 3.73131e-11, 4.72216e-11, 5.88863e-11, 7.23812e-11, 8.77375e-11, 1.04942e-10, 1.23937e-10, 1.44621e-10, 1.66854e-10, 1.90463e-10, 2.15245e-10
0, 0, 0, 4.22289e-26, 1.45603e-21, 2.98917e-19, 7.38012e-18, 6.37552e-17, 3.05585e-16, 1.0188e-15, 2.66909e-15, 5.90258e-15, 1.15271e-14, 2.04879e-14, 3.38498e-14, 5.27923e-14, 7.86231e-14, 1.12812e-13, 1.57053e-13, 2.1336e-13, 2.84219e-13, 3.72839e-13, 4.83554e-13, 6.22497e-13, 7.98685e-13, 1.02568e-12, 1.32394e-12, 1.72391e-12, 2.26968e-12, 3.02276e-12, 4.06553e-12, 5.50353e-12, 7.46602e-12, 1.01043e-11, 1.35876e-11, 1.80966e-11, 2.38155e-11, 3.09218e-11, 3.95775e-11, 4.99188e-11, 6.20488e-11, 7.60305e-11, 9.18833e-11, 1.09581e-10, 1.29051e-10, 1.5018e-10, 1.72816e-10, 1.96775e-10, 2.21846e-10, 2.47803e-10
0, 0, 8.39139e-27, 6.93234e-21, 1.78128e-18, 3.59585e-17, 2.44976e-16, 9.56395e-16, 2.69871e-15, 6.17948e-15, 1.22463e-14, 2.18484e-14, 3.60113e-14, 5.58304e-14, 8.24837e-14, 1.17264e-13, 1.61631e-13, 2.17288e-13, 2.86297e-13, 3.71248e-13, 4.75523e-13, 6.03745e-13, 7.6249e-13, 9.6146e-13, 1.21527e-12, 1.54596e-12, 1.98634e-12, 2.58379e-12, 3.40429e-12, 4.53577e-12, 6.09031e-12, 8.20426e-12, 1.10359e-11, 1.47607e-11, 1.95639e-11, 2.56317e-11, 3.3141e-11, 4.22498e-11, 5.30871e-11, 6.57457e-11, 8.02762e-11, 9.66836e-11, 1.14926e-10, 1.34918e-10, 1.5653e-10, 1.79598e-10, 2.03926e-10, 2.29297e-10, 2.55478e-10, 2.82226e-10
0, 4.22599e-28, 1.60308e-19, 2.58132e-17, 2.85853e-16, 1.25562e-15, 3.58937e-15, 8.07226e-15, 1.55796e-14, 2.70343e-14, 4.33845e-14, 6.56058e-14, 9.47216e-14, 1.31839e-13, 1.78201e-13, 2.3525e-13, 3.0472e-13, 3.8876e-13, 4.90119e-13, 6.12441e-13, 7.60739e-13, 9.42181e-13, 1.16736e-12, 1.45221e-12, 1.8208e-12, 2.30883e-12, 2.96775e-12, 3.86888e-12, 5.10678e-12, 6.80115e-12, 9.09639e-12, 1.21586e-11, 1.61696e-11, 2.13193e-11, 2.7795e-11, 3.5772e-11, 4.5402e-11, 5.68052e-11, 7.00617e-11, 8.52072e-11, 1.0223e-10, 1.21073e-10, 1.41631e-10, 1.63761e-10, 1.87286e-10, 2.11999e-10, 2.37674e-10, 2.64072e-10, 2.90951e-10, 3.18068e-10
0, 1.21689e-16, 1.10359e-15, 3.54188e-15, 8.01892e-15, 1.52742e-14, 2.61423e-14, 4.14505e-14, 6.20039e-14, 8.86104e-14, 1.22115e-13, 1.63442e-13, 2.13638e-13, 2.73935e-13, 3.4582e-13, 4.31128e-13, 5.32181e-13, 6.51989e-13, 7.94566e-13, 9.65459e-13, 1.17261e-12, 1.42774e-12, 1.7485e-12, 2.16145e-12, 2.70589e-12, 3.43824e-12, 4.43624e-12, 5.80232e-12, 7.66499e-12, 1.01778e-11, 1.35152e-11, 1.78659e-11, 2.34234e-11, 3.03757e-11, 3.88941e-11, 4.91225e-11, 6.11689e-11, 7.50985e-11, 9.09295e-11, 1.08632e-10, 1.28128e-10, 1.49296e-10, 1.71977e-10, 1.95978e-10, 2.21083e-10, 2.47058e-10, 2.73661e-10, 3.00646e-10, 3.27774e-10, 3.54815e-10
2.94186e-14, 3.13547e-14, 3.72641e-14, 4.76709e-14, 6.29475e-14, 8.33994e-14, 1.09451e-13, 1.41642e-13, 1.80617e-13, 2.27129e-13, 2.82071e-13, 3.4652e-13, 4.2179e-13, 5.09504e-13, 6.117e-13, 7.30969e-13, 8.70688e-13, 1.03537e-12, 1.23126e-12, 1.46728e-12, 1.7566e-12, 2.119e-12, 2.58417e-12, 3.19587e-12, 4.01655e-12, 5.13174e-12, 6.6531e-12, 8.71932e-12, 1.14941e-11, 1.5161e-11, 1.99152e-11, 2.59533e-11, 3.3462e-11, 4.26062e-11, 5.35194e-11, 6.62945e-11, 8.09783e-11, 9.75688e-11, 1.16014e-10, 1.36217e-10, 1.58035e-10, 1.81292e-10, 2.05782e-10, 2.31279e-10, 2.57541e-10, 2.84323e-10, 3.11382e-10, 3.38479e-10, 3.65392e-10, 3.91915e-10
1.70468e-13, 1.74514e-13, 1.86057e-13, 2.04826e-13, 2.30705e-13, 2.63823e-13, 3.04456e-13, 3.53034e-13, 4.10177e-13, 4.76734e-13, 5.53812e-13, 6.42828e-13, 7.45573e-13, 8.64324e-13, 1.002e-12, 1.16244e-12, 1.35075e-12, 1.57404e-12, 1.84246e-12, 2.17102e-12, 2.58215e-12, 3.10944e-12, 3.80219e-12, 4.73024e-12, 5.98845e-12, 7.69933e-12, 1.00132e-11, 1.3105e-11, 1.71676e-11, 2.24022e-11, 2.9007e-11, 3.71648e-11, 4.70317e-11, 5.87265e-11, 7.23236e-11, 8.7848e-11, 1.05274e-10, 1.24526e-10, 1.45484e-10, 1.67986e-10, 1.91837e-10, 2.16818e-10, 2.42694e-10, 2.69217e-10, 2.96142e-10, 3.23227e-10, 3.5024e-10, 3.76967e-10, 4.0321e-10, 4.28794e-10
4.70613e-13, 4.7557e-13, 4.89399e-13, 5.12241e-13, 5.44307e-13, 5.85886e-13, 6.37377e-13, 6.99367e-13, 7.72686e-13, 8.58465e-13, 9.58195e-13, 1.07382e-12, 1.20784e-12, 1.36355e-12, 1.54527e-12, 1.75886e-12, 2.01246e-12, 2.31777e-12, 2.69205e-12, 3.16115e-12, 3.76354e-12, 4.55538e-12, 5.61558e-12, 7.05018e-12, 8.99443e-12, 1.16118e-11, 1.50892e-11, 1.96288e-11, 2.54367e-11, 3.27102e-11, 4.16253e-11, 5.23247e-11, 6.49087e-11, 7.94285e-11, 9.58837e-11, 1.14222e-10, 1.34341e-10, 1.56096e-10, 1.79305e-10, 2.03756e-10, 2.29217e-10, 2.55444e-10, 2.82189e-10, 3.09205e-10, 3.36254e-10, 3.63115e-10, 3.89582e-10, 4.1547e-10, 4.40619e-10, 4.64889e-10
9.08914e-13, 9.14678e-13, 9.30993e-13, 9.58108e-13, 9.9644e-13, 1.04658e-12, 1.10932e-12, 1.18571e-12, 1.27706e-12, 1.38509e-12, 1.51197e-12, 1.66056e-12, 1.83457e-12, 2.03898e-12, 2.28056e-12, 2.56879e-12, 2.91732e-12, 3.34635e-12, 3.88601e-12, 4.58104e-12, 5.49613e-12, 6.72138e-12, 8.37618e-12, 1.06106e-11, 1.36027e-11, 1.75519e-11, 2.26689e-11, 2.91623e-11, 3.72255e-11, 4.70227e-11, 5.86786e-11, 7.22695e-11, 8.7819e-11, 1.05297e-10, 1.2462e-10, 1.45658e-10, 1.68242e-10, 1.92168e-10, 2.17208e-10, 2.4312e-10, 2.69653e-10, 2.96559e-10, 3.23596e-10, 3.50533e-10, 3.77158e-10, 4.03278e-10, 4.28724e-10, 4.53349e-10, 4.77031e-10, 4.9967e-10
1.47519e-12, 1.48215e-12, 1.50237e-12, 1.53603e-12, 1.58378e-12, 1.64652e-12, 1.72545e-12, 1.82214e-12, 1.9386e-12, 2.07741e-12, 2.24192e-12, 2.43651e-12, 2.66706e-12, 2.94158e-12, 3.27131e-12, 3.67251e-12, 4.16921e-12, 4.79714e-12, 5.60902e-12, 6.68036e-12, 8.11494e-12, 1.00482e-11, 1.2647e-11, 1.61053e-11, 2.0635e-11, 2.64532e-11, 3.37679e-11, 4.27632e-11, 5.3586e-11, 6.63363e-11, 8.10608e-11, 9.77497e-11, 1.16339e-10, 1.36712e-10, 1.5871e-10, 1.82137e-10, 2.06769e-10, 2.32366e-10, 2.58677e-10, 2.85448e-10, 3.12434e-10, 3.394e-10, 3.66126e-10, 3.92414e-10, 4.18085e-10, 4.42988e-10, 4.66991e-10, 4.8999e-10, 5.11902e-10, 5.32666e-10
2.19012e-12, 2.19931e-12, 2.22553e-12, 2.26923e-12, 2.33127e-12, 2.41289e-12, 2.51584e-12, 2.64242e-12, 2.79567e-12, 2.97956e-12, 3.19937e-12, 3.46215e-12, 3.77758e-12, 4.15933e-12, 4.62713e-12, 5.21012e-12, 5.95142e-12, 6.91406e-12, 8.18723e-12, 9.89152e-12, 1.21812e-11, 1.52423e-11, 1.92852e-11, 2.45326e-11, 3.12049e-11, 3.95039e-11, 4.95974e-11, 6.16078e-11, 7.56029e-11, 9.15926e-11, 1.09529e-10, 1.29309e-10, 1.50782e-10, 1.73759e-10, 1.98019e-10, 2.23321e-10, 2.49414e-10, 2.76043e-10, 3.02956e-10, 3.29914e-10, 3.56693e-10, 3.83089e-10, 4.08918e-10, 4.34022e-10, 4.58266e-10, 4.81538e-10, 5.03752e-10, 5.24841e-10, 5.4476e-10, 5.63483e-10
3.10734e-12, 3.11946e-12, 3.15419e-12, 3.21216e-12, 3.29465e-12, 3.40354e-12, 3.54145e-12, 3.71192e-12, 3.91968e-12, 4.17108e-12, 4.47474e-12, 4.84258e-12, 5.29147e-12, 5.84588e-12, 6.5418e-12, 7.43216e-12, 8.59343e-12, 1.01321e-11, 1.21891e-11, 1.49409e-11, 1.85939e-11, 2.33742e-11, 2.95125e-11, 3.72263e-11, 4.67032e-11, 5.8086e-11, 7.14627e-11, 8.68605e-11, 1.04246e-10, 1.23526e-10, 1.44558e-10, 1.67155e-10, 1.911e-10, 2.16149e-10, 2.42049e-10, 2.68542e-10, 2.95372e-10, 3.22298e-10, 3.4909e-10, 3.75539e-10, 4.01461e-10, 4.26691e-10, 4.51091e-10, 4.74547e-10, 4.96967e-10, 5.18284e-10, 5.38448e-10, 5.57431e-10, 5.7522e-10, 5.91816e-10
4.30613e-12, 4.32284e-12, 4.37001e-12, 4.4489e-12, 4.56151e-12, 4.7108e-12, 4.90092e-12, 5.13758e-12, 5.42858e-12, 5.78462e-12, 6.22065e-12, 6.75798e-12, 7.42751e-12, 8.27455e-12, 9.36516e-12, 1.07932e-11, 1.2687e-11, 1.5212e-11, 1.85692e-11, 2.2986e-11, 2.87013e-11, 3.59473e-11, 4.49296e-11, 5.58104e-11, 6.86958e-11, 8.36284e-11, 1.00586e-10, 1.19483e-10, 1.4018e-10, 1.62493e-10, 1.862e-10, 2.11057e-10, 2.36806e-10, 2.63185e-10, 2.89935e-10, 3.16811e-10, 3.43581e-10, 3.70034e-10, 3.95981e-10, 4.21259e-10, 4.45727e-10, 4.6927e-10, 4.91796e-10, 5.13235e-10, 5.33537e-10, 5.52672e-10, 5.70624e-10, 5.87396e-10, 6.03e-10, 6.1746e-10
5.91023e-12, 5.93363e-12, 5.99969e-12, 6.11046e-12, 6.26919e-12, 6.48076e-12, 6.75214e-12, 7.09305e-12, 7.51712e-12, 8.04351e-12, 8.69973e-12, 9.52568e-12, 1.05795e-11, 1.19448e-11, 1.37382e-11, 1.61146e-11, 1.92683e-11, 2.34261e-11, 2.88341e-11, 3.57374e-11, 4.43587e-11, 5.48784e-11, 6.74186e-11, 8.20342e-11, 9.87105e-11, 1.17366e-10, 1.37861e-10, 1.60006e-10, 1.83575e-10, 2.08319e-10, 2.33974e-10, 2.60273e-10, 2.86955e-10, 3.13769e-10, 3.40483e-10, 3.66886e-10, 3.9279e-10, 4.18031e-10, 4.42471e-10, 4.65995e-10, 4.88513e-10, 5.09956e-10, 5.30274e-10, 5.49439e-10, 5.67436e-10, 5.84265e-10, 5.99939e-10, 6.14482e-10, 6.27925e-10, 6.40308e-10
8.11816e-12, 8.15185e-12, 8.24788e-12, 8.40944e-12, 8.64211e-12, 8.95443e-12, 9.35874e-12, 9.87269e-12, 1.05215e-11, 1.13415e-11, 1.23854e-11, 1.37289e-11, 1.54793e-11, 1.7782e-11, 2.08242e-11, 2.48312e-11, 3.00546e-11, 3.67514e-11, 4.51608e-11, 5.54792e-11, 6.78428e-11, 8.23151e-11, 9.88844e-11, 1.17467e-10, 1.37916e-10, 1.60034e-10, 1.83586e-10, 2.08312e-10, 2.33941e-10, 2.602e-10, 2.86824e-10, 3.13562e-10, 3.40181e-10, 3.66472e-10, 3.92251e-10, 4.17358e-10, 4.41658e-10, 4.65041e-10, 4.87421e-10, 5.08733e-10, 5.28931e-10, 5.47988e-10, 5.65892e-10, 5.82644e-10, 5.98259e-10, 6.12759e-10, 6.26177e-10, 6.38551e-10, 6.49925e-10, 6.60346e-10
1.12639e-11, 1.1315e-11, 1.14611e-11, 1.1708e-11, 1.20657e-11, 1.25503e-11, 1.31849e-11, 1.40035e-11, 1.50551e-11, 1.64105e-11, 1.817e-11, 2.04715e-11, 2.3496e-11, 2.74669e-11, 3.26396e-11, 3.92825e-11, 4.76491e-11, 5.7951e-11, 7.03346e-11, 8.48673e-11, 1.01534e-10, 1.20241e-10, 1.40827e-10, 1.63079e-10, 1.86748e-10, 2.11559e-10, 2.37232e-10, 2.63487e-10, 2.90056e-10, 3.16689e-10, 3.43156e-10, 3.69254e-10, 3.94804e-10, 4.19654e-10, 4.43678e-10, 4.66774e-10, 4.88863e-10, 5.09886e-10, 5.29803e-10, 5.48593e-10, 5.66246e-10, 5.82769e-10, 5.98176e-10, 6.12492e-10, 6.2575e-10, 6.37988e-10, 6.49249e-10, 6.59579e-10, 6.69028e-10, 6.77645e-10
1.59418e-11, 1.60239e-11, 1.62586e-11, 1.66574e-11, 1.72399e-11, 1.80374e-11, 1.90961e-11, 2.04833e-11, 2.2295e-11, 2.46643e-11, 2.77675e-11, 3.18261e-11, 3.70983e-11, 4.38613e-11, 5.23816e-11, 6.28824e-11, 7.55161e-11, 9.03471e-11, 1.07347e-10, 1.26403e-10, 1.4733e-10, 1.69891e-10, 1.93813e-10, 2.18807e-10, 2.44578e-10, 2.70842e-10, 2.97331e-10, 3.23796e-10, 3.50017e-10, 3.758e-10, 4.00978e-10, 4.25411e-10, 4.48986e-10, 4.71612e-10, 4.9322e-10, 5.13764e-10, 5.33211e-10, 5.51545e-10, 5.68766e-10, 5.84882e-10, 5.99912e-10, 6.13883e-10, 6.26828e-10, 6.38786e-10, 6.498e-10, 6.59915e-10, 6.69178e-10, 6.77639e-10, 6.85345e-10, 6.92346e-10
2.32716e-11, 2.34115e-11, 2.38135e-11, 2.45002e-11, 2.55121e-11, 2.6912e-11, 2.87923e-11, 3.12825e-11, 3.45563e-11, 3.88327e-11, 4.4371e-11, 5.14527e-11, 6.03527e-11, 7.13013e-11, 8.44497e-11, 9.98488e-11, 1.17445e-10, 1.37092e-10, 1.58568e-10, 1.81601e-10, 2.05891e-10, 2.31126e-10, 2.57003e-10, 2.83233e-10, 3.09552e-10, 3.35722e-10, 3.61536e-10, 3.86817e-10, 4.11415e-10, 4.35209e-10, 4.58103e-10, 4.80023e-10, 5.00916e-10, 5.20746e-10, 5.39493e-10, 5.5715e-10, 5.73724e-10, 5.89229e-10, 6.03688e-10, 6.1713e-10, 6.2959e-10, 6.41108e-10, 6.51725e-10, 6.61486e-10, 6.70436e-10, 6.78621e-10, 6.86089e-10, 6.92885e-10, 6.99055e-10, 7.04642e-10
3.54855e-11, 3.57407e-11, 3.64754e-11, 3.77357e-11, 3.96027e-11, 4.21979e-11, 4.56889e-11, 5.02899e-11, 5.62546e-11, 6.38601e-11, 7.33795e-11, 8.50403e-11, 9.89813e-11, 1.15225e-10, 1.33676e-10, 1.54133e-10, 1.76325e-10, 1.99932e-10, 2.24621e-10, 2.50063e-10, 2.75944e-10, 3.01982e-10, 3.27924e-10, 3.53553e-10, 3.78686e-10, 4.03169e-10, 4.26881e-10, 4.49723e-10, 4.71624e-10, 4.92529e-10, 5.12404e-10, 5.31229e-10, 5.48996e-10, 5.65711e-10, 5.81387e-10, 5.96044e-10, 6.0971e-10, 6.22417e-10, 6.342e-10, 6.45099e-10, 6.55155e-10, 6.6441e-10, 6.72907e-10, 6.8069e-10, 6.87802e-10, 6.94286e-10, 7.00185e-10, 7.05538e-10, 7.10386e-10, 7.14766e-10
5.72081e-11, 5.76958e-11, 5.90993e-11, 6.15028e-11, 6.50458e-11, 6.99188e-11, 7.63512e-11, 8.45929e-11, 9.48922e-11, 1.07454e-10, 1.22388e-10, 1.39667e-10, 1.59125e-10, 1.80485e-10, 2.03403e-10, 2.27508e-10, 2.5243e-10, 2.77827e-10, 3.03394e-10, 3.28863e-10, 3.54014e-10, 3.7866e-10, 4.02656e-10, 4.25883e-10, 4.48254e-10, 4.69702e-10, 4.90182e-10, 5.09666e-10, 5.28138e-10, 5.45597e-10, 5.62047e-10, 5.77504e-10, 5.91989e-10, 6.05528e-10, 6.18151e-10, 6.29891e-10, 6.40786e-10, 6.50872e-10, 6.60188e-10, 6.68774e-10, 6.7667e-10, 6.83915e-10, 6.90549e-10, 6.96609e-10, 7.02135e-10, 7.07162e-10, 7.11726e-10, 7.15861e-10, 7.19598e-10, 7.2297e-10
9.77679e-11, 9.86879e-11, 1.01319e-10, 1.05764e-10, 1.12167e-10, 1.20695e-10, 1.31519e-10, 1.44785e-10, 1.60545e-10, 1.78687e-10, 1.98938e-10, 2.20906e-10, 2.44155e-10, 2.68254e-10, 2.9281e-10, 3.17489e-10, 3.42014e-10, 3.66161e-10, 3.89757e-10, 4.1267e-10, 4.348e-10, 4.56077e-10, 4.76451e-10, 4.95892e-10, 5.14384e-10, 5.31922e-10, 5.48511e-10, 5.64161e-10, 5.78892e-10, 5.92725e-10, 6.05686e-10, 6.17804e-10, 6.29109e-10, 6.39635e-10, 6.49414e-10, 6.58482e-10, 6.66872e-10, 6.74621e-10, 6.81762e-10, 6.88331e-10, 6.9436e-10, 6.99884e-10, 7.04934e-10, 7.09541e-10, 7.13737e-10, 7.1755e-10, 7.21008e-10, 7.24138e-10, 7.26965e-10, 7.29514e-10
1.73063e-10, 1.74576e-10, 1.78836e-10, 1.85846e-10, 1.95631e-10, 2.08227e-10, 2.23583e-10, 2.41441e-10, 2.61335e-10, 2.82698e-10, 3.04973e-10, 3.2768e-10, 3.50437e-10, 3.72955e-10, 3.95022e-10, 4.16488e-10, 4.37251e-10, 4.5724e-10, 4.76413e-10, 4.94746e-10, 5.12226e-10, 5.28854e-10, 5.44636e-10, 5.59584e-10, 5.73715e-10, 5.87047e-10, 5.99604e-10, 6.11408e-10, 6.22485e-10, 6.32861e-10, 6.42562e-10, 6.51617e-10, 6.60052e-10, 6.67896e-10, 6.75176e-10, 6.81921e-10, 6.88159e-10, 6.93916e-10, 6.99219e-10, 7.04095e-10, 7.0857e-10, 7.12669e-10, 7.16416e-10, 7.19834e-10, 7.22947e-10, 7.25776e-10, 7.28341e-10, 7.30663e-10, 7.3276e-10, 7.34651e-10
2.98134e-10, 2.99998e-10, 3.0528e-10, 3.14005e-10, 3.26004e-10, 3.40762e-10, 3.57481e-10, 3.75348e-10, 3.93714e-10, 4.12128e-10, 4.30302e-10, 4.48058e-10, 4.6529e-10, 4.81936e-10, 4.97963e-10, 5.13356e-10, 5.2811e-10, 5.42225e-10, 5.55709e-10, 5.68569e-10, 5.80816e-10, 5.92461e-10, 6.03517e-10, 6.13998e-10, 6.23917e-10, 6.3329e-10, 6.42131e-10, 6.50458e-10, 6.58285e-10, 6.65631e-10, 6.72511e-10, 6.78945e-10, 6.8495e-10, 6.90543e-10, 6.95744e-10, 7.0057e-10, 7.0504e-10, 7.09173e-10, 7.12985e-10, 7.16496e-10, 7.19722e-10, 7.2268e-10, 7.25388e-10, 7.27862e-10, 7.30117e-10, 7.32168e-10, 7.34031e-10, 7.35718e-10, 7.37244e-10, 7.38621e-10
4.71811e-10, 4.73779e-10, 4.79035e-10, 4.86731e-10, 4.95692e-10, 5.05117e-10, 5.1465e-10, 5.24169e-10, 5.33636e-10, 5.43036e-10, 5.52356e-10, 5.61579e-10, 5.70686e-10, 5.79655e-10, 5.88465e-10, 5.97094e-10, 6.05522e-10, 6.13731e-10, 6.21705e-10, 6.29429e-10, 6.36892e-10, 6.44083e-10, 6.50994e-10, 6.5762e-10, 6.63956e-10, 6.70001e-10, 6.75754e-10, 6.81215e-10, 6.86388e-10, 6.91276e-10, 6.95884e-10, 7.00219e-10, 7.04286e-10, 7.08095e-10, 7.11653e-10, 7.14969e-10, 7.18053e-10, 7.20915e-10, 7.23565e-10, 7.26013e-10, 7.2827e-10, 7.30346e-10, 7.32251e-10, 7.33996e-10, 7.3559e-10, 7.37044e-10, 7.38367e-10, 7.39568e-10, 7.40656e-10, 7.4164e-10
6.60463e-10, 6.59143e-10, 6.56248e-10, 6.52992e-10, 6.5006e-10, 6.47774e-10, 6.46254e-10, 6.45519e-10, 6.45533e-10, 6.46236e-10, 6.47554e-10, 6.49411e-10, 6.5173e-10, 6.54436e-10, 6.5746e-10, 6.6074e-10, 6.64218e-10, 6.67841e-10, 6.71565e-10, 6.75347e-10, 6.79153e-10, 6.8295e-10, 6.86713e-10, 6.90416e-10, 6.94042e-10, 6.97572e-10, 7.00994e-10, 7.04297e-10, 7.07471e-10, 7.1051e-10, 7.1341e-10, 7.16167e-10, 7.18779e-10, 7.21248e-10, 7.23573e-10, 7.25756e-10, 7.27801e-10, 7.2971e-10, 7.31489e-10, 7.33141e-10, 7.34671e-10, 7.36086e-10, 7.3739e-10, 7.38589e-10, 7.39688e-10, 7.40695e-10, 7.41613e-10, 7.4245e-10, 7.4321e-10, 7.43899e-10
7.29382e-10, 7.29078e-10, 7.28098e-10, 7.26193e-10, 7.23413e-10, 7.20112e-10, 7.16676e-10, 7.13397e-10, 7.10464e-10, 7.0798e-10, 7.05994e-10, 7.04515e-10, 7.03526e-10, 7.02995e-10, 7.02882e-10, 7.03143e-10, 7.03732e-10, 7.04602e-10, 7.05712e-10, 7.07019e-10, 7.08488e-10, 7.10082e-10, 7.11773e-10, 7.13531e-10, 7.15332e-10, 7.17156e-10, 7.18983e-10, 7.20797e-10, 7.22584e-10, 7.24333e-10, 7.26034e-10, 7.27679e-10, 7.29262e-10, 7.30778e-10, 7.32224e-10, 7.33598e-10, 7.34897e-10, 7.36122e-10, 7.37272e-10, 7.38349e-10, 7.39354e-10, 7.40289e-10, 7.41156e-10, 7.41957e-10, 7.42697e-10, 7.43377e-10, 7.44e-10, 7.4457e-10, 7.45091e-10, 7.45564e-10
7.44375e-10, 7.44296e-10, 7.44084e-10, 7.43721e-10, 7.43149e-10, 7.42274e-10, 7.41047e-10, 7.39511e-10, 7.37768e-10, 7.35943e-10, 7.34147e-10, 7.3247e-10, 7.30973e-10, 7.29697e-10, 7.28661e-10, 7.27871e-10, 7.27322e-10, 7.27002e-10, 7.26894e-10, 7.26978e-10, 7.27231e-10, 7.27633e-10, 7.28162e-10, 7.28797e-10, 7.29518e-10, 7.30309e-10, 7.31151e-10, 7.32031e-10, 7.32934e-10, 7.33851e-10, 7.34769e-10, 7.35681e-10, 7.36578e-10, 7.37455e-10, 7.38307e-10, 7.39128e-10, 7.39917e-10, 7.4067e-10, 7.41385e-10, 7.42062e-10, 7.42699e-10, 7.43298e-10, 7.43857e-10, 7.44379e-10, 7.44863e-10, 7.45311e-10, 7.45724e-10, 7.46104e-10, 7.46452e-10, 7.46771e-10
7.48537e-10, 7.48512e-10, 7.4844e-10, 7.48318e-10, 7.48141e-10, 7.47898e-10, 7.47567e-10, 7.47116e-10, 7.46522e-10, 7.45787e-10, 7.4494e-10, 7.44021e-10, 7.43078e-10, 7.42152e-10, 7.41282e-10, 7.40494e-10, 7.39811e-10, 7.39242e-10, 7.38793e-10, 7.38465e-10, 7.38254e-10, 7.38152e-10, 7.38152e-10, 7.38244e-10, 7.38417e-10, 7.3866e-10, 7.38962e-10, 7.39314e-10, 7.39706e-10, 7.40129e-10, 7.40574e-10, 7.41035e-10, 7.41505e-10, 7.41978e-10, 7.42449e-10, 7.42913e-10, 7.43368e-10, 7.43809e-10, 7.44235e-10, 7.44644e-10, 7.45034e-10, 7.45405e-10, 7.45754e-10, 7.46084e-10, 7.46392e-10, 7.46679e-10, 7.46946e-10, 7.47194e-10, 7.47422e-10, 7.47632e-10
7.49423e-10, 7.49415e-10, 7.49392e-10, 7.49354e-10, 7.493e-10, 7.49227e-10, 7.49132e-10, 7.49007e-10, 7.4884e-10, 7.48616e-10, 7.48328e-10, 7.47974e-10, 7.47562e-10, 7.47107e-10, 7.46629e-10, 7.46146e-10, 7.45679e-10, 7.45242e-10, 7.44847e-10, 7.44504e-10, 7.44218e-10, 7.43992e-10, 7.43827e-10, 7.43721e-10, 7.43671e-10, 7.43672e-10, 7.43721e-10, 7.43811e-10, 7.43938e-10, 7.44096e-10, 7.4428e-10, 7.44485e-10, 7.44706e-10, 7.44939e-10, 7.4518e-10, 7.45426e-10, 7.45673e-10, 7.45918e-10, 7.4616e-10, 7.46397e-10, 7.46626e-10, 7.46847e-10, 7.47058e-10, 7.4726e-10, 7.4745e-10, 7.4763e-10, 7.47798e-10, 7.47955e-10, 7.48102e-10, 7.48237e-10
7.49471e-10, 7.49471e-10, 7.49471e-10, 7.49469e-10, 7.49463e-10, 7.49451e-10, 7.49432e-10, 7.49404e-10, 7.49363e-10, 7.49305e-10, 7.49225e-10, 7.49116e-10, 7.48975e-10, 7.48802e-10, 7.48599e-10, 7.48372e-10, 7.48131e-10, 7.47883e-10, 7.47639e-10, 7.47405e-10, 7.47189e-10, 7.46997e-10, 7.46831e-10, 7.46695e-10, 7.4659e-10, 7.46516e-10, 7.46471e-10, 7.46455e-10, 7.46464e-10, 7.46497e-10, 7.46552e-10, 7.46624e-10, 7.46713e-10, 7.46814e-10, 7.46925e-10, 7.47044e-10, 7.47168e-10, 7.47297e-10, 7.47427e-10, 7.47557e-10, 7.47686e-10, 7.47812e-10, 7.47935e-10, 7.48054e-10, 7.48169e-10, 7.48278e-10, 7.48381e-10, 7.48478e-10, 7.4857e-10, 7.48655e-10
7.49471e-10, 7.49471e-10, 7.49471e-10, 7.49471e-10, 7.49471e-10, 7.49471e-10, 7.49469e-10, 7.49465e-10, 7.49458e-10, 7.49446e-10, 7.49427e-10, 7.49399e-10, 7.49359e-10, 7.49305e-10, 7.49234e-10, 7.49147e-10, 7.49044e-10, 7.4893e-10, 7.48807e-10, 7.48679e-10, 7.48552e-10, 7.48429e-10, 7.48314e-10, 7.48209e-10, 7.48118e-10, 7.48041e-10, 7.4798e-10, 7.47934e-10, 7.47905e-10, 7.4789e-10, 7.47889e-10, 7.47902e-10, 7.47926e-10, 7.47961e-10, 7.48004e-10, 7.48055e-10, 7.48112e-10, 7.48174e-10, 7.48239e-10, 7.48306e-10, 7.48375e-10, 7.48444e-10, 7.48513e-10, 7.48581e-10, 7.48647e-10, 7.48711e-10, 7.48772e-10, 7.48831e-10, 7.48887e-10, 7.4894e-10
7.49471e-10, 7.49471e-10, 7.49471e-10, 7.49471e-10, 7.49471e-10, 7.49471e-10, 7.49471e-10, 7.49471e-10, 7.4947e-10, 7.49468e-10, 7.49465e-10, 7.49459e-10, 7.49449e-10, 7.49435e-10, 7.49414e-10, 7.49385e-10, 7.49349e-10, 7.49303e-10, 7.49251e-10, 7.49192e-10, 7.49128e-10, 7.49062e-10, 7.48995e-10, 7.48931e-10, 7.4887e-10, 7.48814e-10, 7.48765e-10, 7.48723e-10, 7.48689e-10, 7.48663e-10, 7.48646e-10, 7.48636e-10, 7.48634e-10, 7.48639e-10, 7.48651e-10, 7.48668e-10, 7.4869e-10, 7.48716e-10, 7.48746e-10, 7.48778e-10, 7.48813e-10, 7.48849e-10, 7.48885e-10, 7.48922e-10, 7.48959e-10, 7.48995e-10, 7.49031e-10, 7.49065e-10, 7.49098e-10, 7.4913e-10
7.49471e-10, 7.49471e-10, 7.49471e-10, 7.49471e-10, 7.49471e-10, 7.49471e-10, 7.49471e-10, 7.49471e-10, 7.49471e-10, 7.49471e-10, 7.49471e-10, 7.4947e-10, 7.49468e-10, 7.49464e-10, 7.49459e-10, 7.49451e-10, 7.49439e-10, 7.49424e-10, 7.49404e-10, 7.4938e-10, 7.49352e-10, 7.49321e-10, 7.49288e-10, 7.49253e-10, 7.49219e-10, 7.49185e-10, 7.49153e-10, 7.49123e-10, 7.49097e-10, 7.49075e-10, 7.49056e-10, 7.49042e-10, 7.49033e-10, 7.49027e-10, 7.49026e-10, 7.49028e-10, 7.49034e-10, 7.49043e-10, 7.49055e-10, 7.49069e-10, 7.49084e-10, 7.49102e-10, 7.4912e-10, 7.49139e-10, 7.49159e-10, 7.49179e-10, 7.49198e-10, 7.49218e-10, 7.49237e-10, 7.49256e-10
7.49471e-10, 7.49471e-10, 7.49471e-10, 7.49471e-10, 7.49471e-10, 7.49471e-10, 7.49471e-10, 7.49471e-10, 7.49471e-10, 7.49471e-10, 7.49471e-10, 7.49471e-10, 7.49471e-10, 7.4947e-10, 7.49469e-10, 7.49467e-10, 7.49464e-10, 7.49459e-10, 7.49453e-10, 7.49444e-10, 7.49433e-10, 7.4942e-10, 7.49405e-10, 7.49389e-10, 7.49371e-10, 7.49353e-10, 7.49334e-10, 7.49317e-10, 7.493e-10, 7.49284e-10, 7.4927e-10, 7.49259e-10, 7.49249e-10, 7.49242e-10, 7.49237e-10, 7.49234e-10, 7.49233e-10, 7.49235e-10, 7.49238e-10, 7.49243e-10, 7.49249e-10, 7.49256e-10, 7.49265e-10, 7.49274e-10, 7.49284e-10, 7.49294e-10, 7.49305e-10, 7.49316e-10, 7.49326e-10, 7.49337e-10
7.49471e-10, 7.49471e-10, 7.49471e-10, 7.49471e-10, 7.49471e-10, 7.49471e-10, 7.49471e-10, 7.49471e-10, 7.49471e-10, 7.49471e-10, 7.49471e-10, 7.49471e-10, 7.49471e-10, 7.49471e-10, 7.49471e-10, 7.4947e-10, 7.4947e-10, 7.49468e-10, 7.49467e-10, 7.49464e-10, 7.4946e-10, 7.49455e-10, 7.49449e-10, 7.49442e-10, 7.49434e-10, 7.49425e-10, 7.49415e-10, 7.49406e-10, 7.49396e-10, 7.49387e-10, 7.49378e-10, 7.4937e-10, 7.49362e-10, 7.49356e-10, 7.49351e-10, 7.49348e-10, 7.49345e-10, 7.49344e-10, 7.49344e-10, 7.49344e-10, 7.49346e-10, 7.49349e-10, 7.49352e-10, 7.49357e-10, 7.49361e-10, 7.49366e-10, 7.49372e-10, 7.49377e-10, 7.49383e-10, 7.49389e-10
7.49471e-10, 7.49471e-10, 7.49471e-10, 7.49471e-10, 7.49471e-10, 7.49471e-10, 7.49471e-10, 7.49471e-10, 7.49471e-10, 7.49471e-10, 7.49471e-10, 7.49471e-10, 7.49471e-10, 7.49471e-10, 7.49471e-10, 7.49471e-10, 7.49471e-10, 7.49471e-10, 7.4947e-10, 7.49469e-10, 7.49468e-10, 7.49466e-10, 7.49464e-10, 7.49461e-10, 7.49458e-10, 7.49454e-10, 7.4945e-10, 7.49445e-10, 7.4944e-10, 7.49434e-10, 7.49429e-10, 7.49424e-10, 7.4942e-10, 7.49416e-10, 7.49412e-10, 7.49409e-10, 7.49406e-10, 7.49404e-10, 7.49403e-10, 7.49403e-10, 7.49403e-10, 7.49403e-10, 7.49404e-10, 7.49406e-10, 7.49408e-10, 7.4941e-10, 7.49413e-10, 7.49415e-10, 7.49418e-10, 7.49421e-10
7.49471e-10, 7.49471e-10, 7.49471e-10, 7.49471e-10, 7.49471e-10, 7.49471e-10, 7.49471e-10, 7.49471e-10, 7.49471e-10, 7.49471e-10, 7.49471e-10, 7.49471e-10, 7.49471e-10, 7.49471e-10, 7.49471e-10, 7.49471e-10, 7.49471e-10, 7.49471e-10, 7.49471e-10, 7.49471e-10, 7.4947e-10, 7.4947e-10, 7.49469e-10, 7.49468e-10, 7.49467e-10, 7.49465e-10, 7.49463e-10, 7.49461e-10, 7.49459e-10, 7.49456e-10, 7.49453e-10, 7.4945e-10, 7.49448e-10, 7.49445e-10, 7.49443e-10, 7.49441e-10, 7.49439e-10, 7.49437e-10, 7.49436e-10, 7.49435e-10, 7.49434e-10, 7.49434e-10, 7.49434e-10, 7.49435e-10, 7.49435e-10, 7.49436e-10, 7.49437e-10, 7.49439e-10, 7.4944e-10, 7.49442e-10
7.49471e-10, 7.49471e-10, 7.49471e-10, 7.49471e-10, 7.49471e-10, 7.49471e-10, 7.49471e-10, 7.49471e-10, 7.49471e-10, 7.49471e-10, 7.49471e-10, 7.49471e-10, 7.49471e-10, 7.49471e-10, 7.49471e-10, 7.49471e-10, 7.49471e-10, 7.49471e-10, 7.49471e-10, 7.49471e-10, 7.49471e-10, 7.49471e-10, 7.49471e-10, 7.4947e-10, 7.4947e-10, 7.49469e-10, 7.49468e-10, 7.49467e-10, 7.49466e-10, 7.49465e-10, 7.49464e-10, 7.49462e-10, 7.49461e-10, 7.49459e-10, 7.49458e-10, 7.49457e-10, 7.49455e-10, 7.49454e-10, 7.49453e-10, 7.49452e-10, 7.49452e-10, 7.49451e-10, 7.49451e-10, 7.49451e-10, 7.49451e-10, 7.49452e-10, 7.49452e-10, 7.49453e-10, 7.49453e-10, 7.49454e-10
7.49471e-10, 7.49471e-10, 7.49471e-10, 7.49471e-10, 7.49471e-10, 7.49471e-10, 7.49471e-10, 7.49471e-10, 7.49471e-10, 7.49471e-10, 7.49471e-10, 7.49471e-10, 7.49471e-10, 7.49471e-10, 7.49471e-10, 7.49471e-10, 7.49471e-10, 7.49471e-10, 7.49471e-10, 7.49471e-10, 7.49471e-10, 7.49471e-10, 7.49471e-10, 7.49471e-10, 7.49471e-10, 7.49471e-10, 7.4947e-10, 7.4947e-10, 7.49469e-10, 7.49469e-10, 7.49468e-10, 7.49468e-10, 7.49467e-10, 7.49466e-10, 7.49465e-10, 7.49464e-10, 7.49464e-10, 7.49463e-10, 7.49462e-10, 7.49462e-10, 7.49461e-10, 7.49461e-10, 7.49461e-10, 7.4946e-10, 7.4946e-10, 7.4946e-10, 7.4946e-10, 7.49461e-10, 7.49461e-10, 7.49461e-10
7.49471e-10, 7.49471e-10, 7.49471e-10, 7.49471e-10, 7.49471e-10, 7.49471e-10, 7.49471e-10, 7.49471e-10, 7.49471e-10, 7.49471e-10, 7.49471e-10, 7.49471e-10, 7.49471e-10, 7.49471e-10, 7.49471e-10, 7.49471e-10, 7.49471e-10, 7.49471e-10, 7.49471e-10, 7.49471e-10, 7.49471e-10, 7.49471e-10, 7.49471e-10, 7.49471e-10, 7.49471e-10, 7.49471e-10, 7.49471e-10, 7.49471e-10, 7.49471e-10, 7.4947e-10, 7.4947e-10, 7.4947e-10, 7.49469e-10, 7.49469e-10, 7.49469e-10, 7.49468e-10, 7.49468e-10, 7.49467e-10, 7.49467e-10, 7.49467e-10, 7.49466e-10, 7.49466e-10, 7.49466e-10, 7.49466e-10, 7.49465e-10, 7.49465e-10, 7.49465e-10, 7.49465e-10, 7.49465e-10, 7.49466e-10
7.49471e-10, 7.49471e-10, 7.49471e-10, 7.49471e-10, 7.49471e-10, 7.49471e-10, 7.49471e-10, 7.49471e-10, 7.49471e-10, 7.49471e-10, 7.49471e-10, 7.49471e-10, 7.49471e-10, 7.49471e-10, 7.49471e-10, 7.49471e-10, 7.49471e-10, 7.49471e-10, 7.49471e-10, 7.49471e-10, 7.49471e-10, 7.49471e-10, 7.49471e-10, 7.49471e-10, 7.49471e-10, 7.49471e-10, 7.49471e-10, 7.49471e-10, 7.49471e-10, 7.49471e-10, 7.49471e-10, 7.49471e-10, 7.49471e-10, 7.4947e-10, 7.4947e-10, 7.4947e-10, 7.4947e-10, 7.49469e-10, 7.49469e-10, 7.49469e-10, 7.49469e-10, 7.49469e-10, 7.49468e-10, 7.49468e-10, 7.49468e-10, 7.49468e-10, 7.49468e-10, 7.49468e-10, 7.49468e-10, 7.49468e-10
7.49471e-10, 7.49471e-10, 7.49471e-10, 7.49471e-10, 7.49471e-10, 7.49471e-10, 7.49471e-10, 7.49471e-10, 7.49471e-10, 7.49471e-10, 7.49471e-10, 7.49471e-10, 7.49471e-10, 7.49471e-10, 7.49471e-10, 7.49471e-10, 7.49471e-10, 7.49471e-10, 7.49471e-10, 7.49471e-10, 7.49471e-10, 7.49471e-10, 7.49471e-10, 7.49471e-10, 7.49471e-10, 7.49471e-10, 7.49471e-10, 7.49471e-10, 7.49471e-10, 7.49471e-10, 7.49471e-10, 7.49471e-10, 7.49471e-10, 7.49471e-10, 7.49471e-10, 7.49471e-10, 7.49471e-10, 7.4947e-10, 7.4947e-10, 7.4947e-10, 7.4947e-10, 7.4947e-10, 7.4947e-10, 7.4947e-10, 7.4947e-10, 7.4947e-10, 7.4947e-10, 7.4947e-10, 7.4947e-10, 7.4947e-10
