0, 0, 0, 0, 0, 0, 0, 0, 0, 0, 0, 0, 0, 3.23619e-30, 1.02304e-27, 8.47552e-26, 3.28686e-24, 7.10173e-23, 9.67261e-22, 9.10436e-21, 6.34978e-20, 3.46254e-19, 1.53955e-18, 5.77037e-18, 1.87246e-17, 5.37557e-17, 1.38981e-16, 3.284e-16, 7.18013e-16, 1.46789e-15, 2.83147e-15, 5.19429e-15, 9.12688e-15, 1.5461e-14, 2.54067e-14, 4.07381e-14, 6.40929e-14, 9.94442e-14, 1.52817e-13, 2.33325e-13, 3.54581e-13, 5.36504e-13, 8.07491e-13, 1.20682e-12, 1.78708e-12, 2.6164e-12, 3.7801e-12, 5.38145e-12, 7.54129e-12, 1.03963e-11
0, 0, 0, 0, 0, 0, 0, 0, 0, 0, 0, 0, 7.93873e-32, 2.27644e-28, 2.96395e-26, 1.56839e-24, 4.23208e-23, 6.76969e-22, 7.1655e-21, 5.44735e-20, 3.16516e-19, 1.47472e-18, 5.72041e-18, 1.9032e-17, 5.5625e-17, 1.45623e-16, 3.4698e-16, 7.62549e-16, 1.56306e-15, 3.01699e-15, 5.52919e-15, 9.69242e-15, 1.63604e-14, 2.67585e-14, 4.26601e-14, 6.66716e-14, 1.02686e-13, 1.56579e-13, 2.37227e-13, 3.57904e-13, 5.38097e-13, 8.05684e-13, 1.19939e-12, 1.77126e-12, 2.58899e-12, 3.7376e-12, 5.32029e-12, 7.45811e-12, 1.02882e-11, 1.39606e-11
0, 0, 0, 0, 0, 0, 0, 0, 0, 0, 0, 0, 4.02095e-29, 9.25256e-27, 7.06509e-25, 2.46297e-23, 4.72341e-22, 5.6921e-21, 4.75081e-20, 2.95301e-19, 1.44449e-18, 5.80229e-18, 1.97886e-17, 5.88399e-17, 1.55825e-16, 3.73985e-16, 8.25172e-16, 1.69393e-15, 3.26808e-15, 5.97737e-15, 1.04438e-14, 1.75517e-14, 2.85528e-14, 4.5234e-14, 7.01892e-14, 1.07257e-13, 1.622e-13, 2.43706e-13, 3.64776e-13, 5.44549e-13, 8.105e-13, 1.20094e-12, 1.76755e-12, 2.57779e-12, 3.7166e-12, 5.28739e-12, 7.41166e-12, 1.02273e-11, 1.38851e-11, 1.85446e-11
0, 0, 0, 0, 0, 0, 0, 0, 0, 0, 0, 4.79872e-30, 2.50398e-27, 2.9673e-25, 1.39434e-23, 3.28689e-22, 4.57531e-21, 4.2265e-20, 2.82216e-19, 1.45192e-18, 6.04148e-18, 2.11098e-17, 6.37917e-17, 1.70674e-16, 4.12013e-16, 9.11383e-16, 1.87104e-15, 3.60333e-15, 6.56935e-15, 1.14281e-14, 1.91037e-14, 3.08856e-14, 4.85879e-14, 7.48107e-14, 1.13363e-13, 1.69928e-13, 2.53051e-13, 3.75527e-13, 5.56232e-13, 8.22354e-13, 1.21194e-12, 1.77649e-12, 2.58343e-12, 3.71792e-12, 5.2838e-12, 7.40329e-12, 1.02152e-11, 1.38717e-11, 1.85332e-11, 2.43626e-11
0, 0, 0, 0, 0, 0, 0, 0, 0, 0, 1.75097e-31, 5.6348e-28, 1.1427e-25, 7.63964e-24, 2.28252e-22, 3.7332e-21, 3.85175e-20, 2.77501e-19, 1.50394e-18, 6.48228e-18, 2.31833e-17, 7.10948e-17, 1.91839e-16, 4.64973e-16, 1.02931e-15, 2.10972e-15, 4.04934e-15, 7.34813e-15, 1.27108e-14, 2.11111e-14, 3.38876e-14, 5.28954e-14, 8.07581e-14, 1.21279e-13, 1.80095e-13, 2.65654e-13, 3.90611e-13, 5.73666e-13, 8.41841e-13, 1.23307e-12, 1.79888e-12, 2.60689e-12, 3.74273e-12, 5.31099e-12, 7.43491e-12, 1.02546e-11, 1.39234e-11, 1.86034e-11, 2.44584e-11, 3.16477e-11
0, 0, 0, 0, 0, 0, 0, 0, 0, 0, 9.89716e-29, 3.94347e-26, 4.02392e-24, 1.5831e-22, 3.1049e-21, 3.61488e-20, 2.82268e-19, 1.61351e-18, 7.1998e-18, 2.63148e-17, 8.17267e-17, 2.21919e-16, 5.38838e-16, 1.19115e-15, 2.43254e-15, 4.64458e-15, 8.37494e-15, 1.43837e-14, 2.37048e-14, 3.77371e-14, 5.83905e-14, 8.83286e-14, 1.31372e-13, 1.93141e-13, 2.82036e-13, 4.10631e-13, 5.97547e-13, 8.69761e-13, 1.26526e-12, 1.8358e-12, 2.64948e-12, 3.79266e-12, 5.37101e-12, 7.50911e-12, 1.03486e-11, 1.40445e-11, 1.87603e-11, 2.46613e-11, 3.19073e-11, 4.06452e-11
0, 0, 0, 0, 0, 0, 0, 0, 0, 1.20028e-29, 1.18064e-26, 2.01908e-24, 1.09798e-22, 2.64643e-21, 3.51717e-20, 2.99003e-19, 1.80396e-18, 8.32234e-18, 3.10134e-17, 9.72789e-17, 2.65057e-16, 6.42933e-16, 1.41555e-15, 2.87328e-15, 5.44552e-15, 9.73789e-15, 1.65765e-14, 2.70665e-14, 4.26784e-14, 6.53892e-14, 9.79189e-14, 1.44126e-13, 2.09647e-13, 3.02876e-13, 4.36379e-13, 6.28787e-13, 9.07168e-13, 1.30974e-12, 1.88873e-12, 2.71294e-12, 3.86986e-12, 5.46654e-12, 7.62928e-12, 1.05015e-11, 1.42403e-11, 1.90106e-11, 2.49792e-11, 3.23065e-11, 4.11394e-11, 5.16029e-11
0, 0, 0, 0, 0, 0, 0, 0, 6.67496e-31, 2.9245e-27, 9.53058e-25, 7.62839e-23, 2.32823e-21, 3.5784e-20, 3.32601e-19, 2.11748e-18, 1.00755e-17, 3.81532e-17, 1.20423e-16, 3.28046e-16, 7.92179e-16, 1.73161e-15, 3.48352e-15, 6.5364e-15, 1.15656e-14, 1.94748e-14, 3.1451e-14, 4.90477e-14, 7.43204e-14, 1.1006e-13, 1.60182e-13, 2.30371e-13, 3.29061e-13, 4.68876e-13, 6.68563e-13, 9.55422e-13, 1.3681e-12, 1.95952e-12, 2.79956e-12, 3.97712e-12, 5.60105e-12, 7.79973e-12, 1.07189e-11, 1.45175e-11, 1.93626e-11, 2.54222e-11, 3.28573e-11, 4.18143e-11, 5.24171e-11, 6.47596e-11
0, 0, 0, 0, 0, 0, 0, 0, 5.57366e-28, 4.15652e-25, 5.32301e-23, 2.13474e-21, 3.84972e-20, 3.92611e-19, 2.63326e-18, 1.28726e-17, 4.9298e-17, 1.55812e-16, 4.22392e-16, 1.01115e-15, 2.18597e-15, 4.34361e-15, 8.04507e-15, 1.40484e-14, 2.33468e-14, 3.72195e-14, 5.73118e-14, 8.57682e-14, 1.25462e-13, 1.80388e-13, 2.56303e-13, 3.61735e-13, 5.09436e-13, 7.18379e-13, 1.01626e-12, 1.44236e-12, 2.05059e-12, 2.91222e-12, 4.11796e-12, 5.77892e-12, 8.02594e-12, 1.10073e-11, 1.48845e-11, 1.98266e-11, 2.60026e-11, 3.35742e-11, 4.26869e-11, 5.34626e-11, 6.59923e-11, 8.0331e-11
0, 0, 0, 0, 0, 0, 0, 7.24749e-29, 1.63081e-25, 3.74542e-23, 2.0674e-21, 4.44452e-20, 4.98409e-19, 3.50837e-18, 1.75134e-17, 6.73831e-17, 2.11901e-16, 5.68306e-16, 1.34158e-15, 2.85531e-15, 5.58159e-15, 1.01694e-14, 1.7473e-14, 2.85857e-14, 4.4888e-14, 6.81237e-14, 1.00533e-13, 1.45083e-13, 2.05864e-13, 2.8874e-13, 4.02376e-13, 5.5974e-13, 7.80151e-13, 1.09186e-12, 1.53506e-12, 2.16493e-12, 3.05454e-12, 4.29685e-12, 6.00564e-12, 8.31472e-12, 1.13754e-11, 1.53518e-11, 2.0415e-11, 2.67355e-11, 3.44749e-11, 4.37775e-11, 5.47625e-11, 6.75171e-11, 8.20913e-11, 9.84937e-11
0, 0, 0, 0, 0, 0, 5.04907e-30, 5.52275e-26, 2.67438e-23, 2.15531e-21, 5.61699e-20, 6.92233e-19, 5.07751e-18, 2.56473e-17, 9.82363e-17, 3.04803e-16, 8.02763e-16, 1.85684e-15, 3.86929e-15, 7.40634e-15, 1.32211e-14, 2.22767e-14, 3.5775e-14, 5.52017e-14, 8.24026e-14, 1.19718e-13, 1.70216e-13, 2.38099e-13, 3.29371e-13, 4.52893e-13, 6.21936e-13, 8.56303e-13, 1.18502e-12, 1.64942e-12, 2.30635e-12, 3.23108e-12, 4.51934e-12, 6.28809e-12, 8.67459e-12, 1.18335e-11, 1.5932e-11, 2.11434e-11, 2.76392e-11, 3.55807e-11, 4.51104e-11, 5.63442e-11, 6.93644e-11, 8.42147e-11, 1.00897e-10, 1.1937e-10
0, 0, 0, 0, 0, 5.6369e-32, 1.50778e-26, 1.95848e-23, 2.48699e-21, 7.98545e-20, 1.0756e-18, 8.12003e-18, 4.09463e-17, 1.54189e-16, 4.66896e-16, 1.19641e-15, 2.69052e-15, 5.45369e-15, 1.01666e-14, 1.77013e-14, 2.91379e-14, 4.57894e-14, 6.92456e-14, 1.01452e-13, 1.44846e-13, 2.02607e-13, 2.79066e-13, 3.80404e-13, 5.15742e-13, 6.98759e-13, 9.49903e-13, 1.2992e-12, 1.78945e-12, 2.47959e-12, 3.44755e-12, 4.79238e-12, 6.63482e-12, 9.11609e-12, 1.23946e-11, 1.6641e-11, 2.20306e-11, 2.87359e-11, 3.69174e-11, 4.67152e-11, 5.82406e-11, 7.157e-11, 8.67398e-11, 1.03744e-10, 1.22532e-10, 1.43012e-10
0, 0, 0, 0, 0, 2.93762e-27, 1.49857e-23, 3.31345e-21, 1.32683e-19, 1.92528e-18, 1.46555e-17, 7.23349e-17, 2.63267e-16, 7.67093e-16, 1.89056e-15, 4.09496e-15, 8.01302e-15, 1.44576e-14, 2.44282e-14, 3.91211e-14, 5.99535e-14, 8.86093e-14, 1.27124e-13, 1.78032e-13, 2.44625e-13, 3.31387e-13, 4.4472e-13, 5.94083e-13, 7.93688e-13, 1.06482e-12, 1.43877e-12, 1.9602e-12, 2.69056e-12, 3.71106e-12, 5.12466e-12, 7.05651e-12, 9.65235e-12, 1.30749e-11, 1.74981e-11, 2.30998e-11, 3.00528e-11, 3.85163e-11, 4.86269e-11, 6.04904e-11, 7.41762e-11, 8.97118e-11, 1.07081e-10, 1.26225e-10, 1.4704e-10, 1.69388e-10
0, 0, 0, 0, 3.20176e-28, 1.24092e-23, 5.45162e-21, 2.72181e-19, 4.12573e-18, 3.06303e-17, 1.438e-16, 4.94351e-16, 1.36124e-15, 3.18149e-15, 6.56417e-15, 1.22919e-14, 2.13165e-14, 3.47583e-14, 5.39141e-14, 8.02851e-14, 1.1563e-13, 1.6206e-13, 2.22201e-13, 2.99468e-13, 3.98529e-13, 5.26063e-13, 6.91967e-13, 9.11138e-13, 1.20593e-12, 1.60922e-12, 2.16796e-12, 2.94668e-12, 4.0305e-12, 5.52702e-12, 7.56646e-12, 1.02997e-11, 1.38942e-11, 1.85275e-11, 2.43794e-11, 3.16229e-11, 4.04151e-11, 5.08878e-11, 6.31403e-11, 7.7233e-11, 9.31835e-11, 1.10965e-10, 1.30506e-10, 1.51693e-10, 1.74377e-10, 1.98376e-10
0, 0, 0, 1.0971e-29, 1.19579e-23, 1.23981e-20, 7.46895e-19, 1.11295e-17, 7.64039e-17, 3.2747e-16, 1.03144e-15, 2.62411e-15, 5.71875e-15, 1.10969e-14, 1.96919e-14, 3.25764e-14, 5.096e-14, 7.62045e-14, 1.09861e-13, 1.53737e-13, 2.10007e-13, 2.81388e-13, 3.71441e-13, 4.8506e-13, 6.29283e-13, 8.14568e-13, 1.05669e-12, 1.37934e-12, 1.8174e-12, 2.42061e-12, 3.25723e-12, 4.41703e-12, 6.01305e-12, 8.18134e-12, 1.10786e-11, 1.48772e-11, 1.97586e-11, 2.59042e-11, 3.34867e-11, 4.26596e-11, 5.35489e-11, 6.62456e-11, 8.07997e-11, 9.7217e-11, 1.15458e-10, 1.35439e-10, 1.57034e-10, 1.80084e-10, 2.04396e-10, 2.29755e-10
0, 0, 1.03485e-32, 1.59271e-23, 4.76445e-20, 3.08501e-18, 4.02311e-17, 2.34822e-16, 8.67715e-16, 2.40812e-15, 5.50902e-15, 1.0981e-14, 1.97609e-14, 3.28886e-14, 5.14985e-14, 7.683e-14, 1.10258e-13, 1.53345e-13, 2.07926e-13, 2.76235e-13, 3.61102e-13, 4.66273e-13, 5.96939e-13, 7.60605e-13, 9.68453e-13, 1.23738e-12, 1.59275e-12, 2.07192e-12, 2.72804e-12, 3.63387e-12, 4.8847e-12, 6.59986e-12, 8.9221e-12, 1.20145e-11, 1.60549e-11, 2.12282e-11, 2.77174e-11, 3.56934e-11, 4.53052e-11, 5.66713e-11, 6.98723e-11, 8.49462e-11, 1.01885e-10, 1.20635e-10, 1.41098e-10, 1.63137e-10, 1.86578e-10, 2.11221e-10, 2.36843e-10, 2.63209e-10
0, 0, 4.86582e-23, 4.52363e-19, 2.26201e-17, 2.08091e-16, 9.1026e-16, 2.69053e-15, 6.28127e-15, 1.25399e-14, 2.24054e-14, 3.68717e-14, 5.69812e-14, 8.38389e-14, 1.18644e-13, 1.6274e-13, 2.17682e-13, 2.85338e-13, 3.68029e-13, 4.68742e-13, 5.91483e-13, 7.41846e-13, 9.27944e-13, 1.1619e-12, 1.46201e-12, 1.85577e-12, 2.38355e-12, 3.10269e-12, 4.09132e-12, 5.45125e-12, 7.30914e-12, 9.81526e-12, 1.31397e-11, 1.74659e-11, 2.29822e-11, 2.98721e-11, 3.83036e-11, 4.84194e-11, 6.03286e-11, 7.40993e-11, 8.97551e-11, 1.07272e-10, 1.26582e-10, 1.47569e-10, 1.70083e-10, 1.93939e-10, 2.18926e-10, 2.44815e-10, 2.71366e-10, 2.98335e-10
0, 3.01314e-21, 2.13052e-17, 3.45874e-16, 1.57124e-15, 4.38179e-15, 9.55183e-15, 1.79357e-14, 3.0417e-14, 4.78854e-14, 7.1242e-14, 1.01425e-13, 1.39446e-13, 1.86441e-13, 2.43729e-13, 3.12891e-13, 3.95878e-13, 4.95167e-13, 6.13991e-13, 7.56723e-13, 9.29495e-13, 1.14122e-12, 1.40522e-12, 1.74158e-12, 2.18042e-12, 2.76586e-12, 3.56029e-12, 4.6483e-12, 6.13936e-12, 8.16854e-12, 1.08946e-11, 1.44951e-11, 1.91591e-11, 2.5078e-11, 3.24344e-11, 4.13918e-11, 5.20846e-11, 6.46098e-11, 7.90209e-11, 9.53243e-11, 1.13479e-10, 1.33397e-10, 1.54949e-10, 1.77968e-10, 2.02257e-10, 2.27594e-10, 2.53745e-10, 2.80467e-10, 3.07516e-10, 3.34654e-10
3.51724e-15, 4.78096e-15, 8.31705e-15, 1.42211e-14, 2.3119e-14, 3.5832e-14, 5.31193e-14, 7.56939e-14, 1.04273e-13, 1.39615e-13, 1.82562e-13, 2.34074e-13, 2.9529e-13, 3.67585e-13, 4.52654e-13, 5.52629e-13, 6.7024e-13, 8.09082e-13, 9.74028e-13, 1.17192e-12, 1.4127e-12, 1.7112e-12, 2.08976e-12, 2.58179e-12, 3.23598e-12, 4.1209e-12, 5.3288e-12, 6.97816e-12, 9.21365e-12, 1.22033e-11, 1.61328e-11, 2.11965e-11, 2.75877e-11, 3.54866e-11, 4.505e-11, 5.64013e-11, 6.96225e-11, 8.47494e-11, 1.01769e-10, 1.20621e-10, 1.41197e-10, 1.6335e-10, 1.86897e-10, 2.11629e-10, 2.37316e-10, 2.63717e-10, 2.90587e-10, 3.17684e-10, 3.44772e-10, 3.71632e-10
7.38651e-14, 7.70945e-14, 8.61422e-14, 1.00987e-13, 1.21707e-13, 1.48485e-13, 1.81651e-13, 2.21679e-13, 2.69189e-13, 3.24966e-13, 3.89984e-13, 4.65456e-13, 5.5289e-13, 6.54175e-13, 7.71702e-13, 9.0855e-13, 1.06878e-12, 1.25791e-12, 1.48367e-12, 1.75731e-12, 2.09557e-12, 2.52361e-12, 3.07889e-12, 3.81581e-12, 4.81034e-12, 6.16395e-12, 8.00557e-12, 1.04908e-11, 1.37977e-11, 1.81202e-11, 2.36573e-11, 3.06026e-11, 3.91319e-11, 4.93922e-11, 6.14925e-11, 7.54966e-11, 9.14196e-11, 1.09226e-10, 1.28833e-10, 1.50112e-10, 1.72896e-10, 1.96988e-10, 2.22165e-10, 2.4819e-10, 2.74818e-10, 3.01802e-10, 3.28902e-10, 3.55891e-10, 3.82555e-10, 4.08702e-10
2.89019e-13, 2.93239e-13, 3.05535e-13, 3.26074e-13, 3.54926e-13, 3.92163e-13, 4.38006e-13, 4.92884e-13, 5.57465e-13, 6.32691e-13, 7.19815e-13, 8.20457e-13, 9.36697e-13, 1.07121e-12, 1.22746e-12, 1.41007e-12, 1.62533e-12, 1.88207e-12, 2.19317e-12, 2.57776e-12, 3.06454e-12, 3.69605e-12, 4.53367e-12, 5.66243e-12, 7.19472e-12, 9.27156e-12, 1.20607e-11, 1.57512e-11, 2.05444e-11, 2.66432e-11, 3.42391e-11, 4.35e-11, 5.45598e-11, 6.7509e-11, 8.23895e-11, 9.91919e-11, 1.17856e-10, 1.38273e-10, 1.60294e-10, 1.83732e-10, 2.08373e-10, 2.33985e-10, 2.60323e-10, 2.87139e-10, 3.14189e-10, 3.41237e-10, 3.68064e-10, 3.94466e-10, 4.20262e-10, 4.45294e-10
6.52952e-13, 6.58313e-13, 6.73314e-13, 6.98086e-13, 7.32858e-13, 7.78062e-13, 8.34304e-13, 9.02377e-13, 9.8332e-13, 1.07849e-12, 1.18964e-12, 1.31906e-12, 1.46974e-12, 1.6456e-12, 1.8519e-12, 2.09589e-12, 2.38777e-12, 2.74247e-12, 3.18217e-12, 3.74003e-12, 4.46498e-12, 5.42704e-12, 6.72224e-12, 8.47591e-12, 1.0843e-11, 1.40046e-11, 1.81608e-11, 2.35199e-11, 3.0286e-11, 3.86455e-11, 4.87546e-11, 6.07289e-11, 7.4636e-11, 9.04915e-11, 1.08258e-10, 1.27846e-10, 1.49123e-10, 1.71914e-10, 1.96014e-10, 2.21196e-10, 2.47216e-10, 2.73825e-10, 3.00776e-10, 3.27828e-10, 3.54753e-10, 3.8134e-10, 4.074e-10, 4.32765e-10, 4.5729e-10, 4.80856e-10
1.14966e-12, 1.15599e-12, 1.17373e-12, 1.20333e-12, 1.24535e-12, 1.30051e-12, 1.36977e-12, 1.45439e-12, 1.55597e-12, 1.67657e-12, 1.81883e-12, 1.98619e-12, 2.18321e-12, 2.41601e-12, 2.69305e-12, 3.02635e-12, 3.43349e-12, 3.94058e-12, 4.58652e-12, 5.42832e-12, 6.54674e-12, 8.05119e-12, 1.00823e-11, 1.28106e-11, 1.64317e-11, 2.11562e-11, 2.71975e-11, 3.47576e-11, 4.4013e-11, 5.51028e-11, 6.8119e-11, 8.31006e-11, 1.00032e-10, 1.18844e-10, 1.39417e-10, 1.6159e-10, 1.85166e-10, 2.0992e-10, 2.35613e-10, 2.61995e-10, 2.88814e-10, 3.15825e-10, 3.42796e-10, 3.69508e-10, 3.95763e-10, 4.21387e-10, 4.46227e-10, 4.70155e-10, 4.93067e-10, 5.14882e-10
1.77813e-12, 1.78615e-12, 1.80885e-12, 1.84664e-12, 1.90024e-12, 1.97069e-12, 2.0594e-12, 2.16825e-12, 2.29965e-12, 2.45675e-12, 2.64362e-12, 2.8657e-12, 3.1303e-12, 3.44755e-12, 3.83189e-12, 4.30441e-12, 4.89641e-12, 5.65426e-12, 6.64526e-12, 7.96363e-12, 9.73498e-12, 1.21177e-11, 1.52999e-11, 1.94916e-11, 2.49127e-11, 3.17782e-11, 4.0283e-11, 5.05878e-11, 6.28074e-11, 7.70035e-11, 9.31808e-11, 1.11288e-10, 1.31219e-10, 1.52824e-10, 1.75912e-10, 2.00264e-10, 2.25641e-10, 2.51792e-10, 2.78463e-10, 3.05405e-10, 3.3238e-10, 3.59164e-10, 3.85554e-10, 4.11367e-10, 4.36446e-10, 4.60656e-10, 4.83885e-10, 5.06048e-10, 5.27079e-10, 5.46933e-10
2.57703e-12, 2.58742e-12, 2.61712e-12, 2.66665e-12, 2.73704e-12, 2.82978e-12, 2.94694e-12, 3.09132e-12, 3.26659e-12, 3.47765e-12, 3.73104e-12, 4.03566e-12, 4.40387e-12, 4.85337e-12, 5.41e-12, 6.11195e-12, 7.01538e-12, 8.20085e-12, 9.77931e-12, 1.18959e-11, 1.47294e-11, 1.84865e-11, 2.3391e-11, 2.96689e-11, 3.75313e-11, 4.71589e-11, 5.86881e-11, 7.22015e-11, 8.77227e-11, 1.05216e-10, 1.24588e-10, 1.45697e-10, 1.68358e-10, 1.92354e-10, 2.17446e-10, 2.43382e-10, 2.69905e-10, 2.96763e-10, 3.23712e-10, 3.50525e-10, 3.76994e-10, 4.02931e-10, 4.28173e-10, 4.52582e-10, 4.76043e-10, 4.98463e-10, 5.19773e-10, 5.39926e-10, 5.58891e-10, 5.76655e-10
3.60993e-12, 3.62396e-12, 3.66372e-12, 3.73016e-12, 3.82481e-12, 3.94999e-12, 4.10891e-12, 4.30592e-12, 4.54691e-12, 4.83989e-12, 5.19583e-12, 5.63013e-12, 6.16488e-12, 6.83236e-12, 7.68003e-12, 8.77696e-12, 1.02207e-11, 1.2143e-11, 1.47121e-11, 1.81294e-11, 2.26203e-11, 2.84194e-11, 3.57529e-11, 4.48198e-11, 5.57768e-11, 6.87257e-11, 8.37069e-11, 1.00698e-10, 1.19616e-10, 1.40323e-10, 1.6264e-10, 1.86348e-10, 2.11207e-10, 2.36962e-10, 2.63354e-10, 2.90125e-10, 3.17029e-10, 3.43835e-10, 3.70331e-10, 3.96328e-10, 4.21659e-10, 4.46183e-10, 4.69782e-10, 4.92362e-10, 5.13852e-10, 5.34201e-10, 5.53377e-10, 5.71364e-10, 5.88164e-10, 6.03788e-10
4.97408e-12, 4.99314e-12, 5.04787e-12, 5.1395e-12, 5.27051e-12, 5.44458e-12, 5.66694e-12, 5.9448e-12, 6.28812e-12, 6.71075e-12, 7.23227e-12, 7.88086e-12, 8.69764e-12, 9.74266e-12, 1.1102e-11, 1.28951e-11, 1.5279e-11, 1.84485e-11, 2.26286e-11, 2.80611e-11, 3.49854e-11, 4.36181e-11, 5.41346e-11, 6.66541e-11, 8.12315e-11, 9.78544e-11, 1.16446e-10, 1.36872e-10, 1.58949e-10, 1.82459e-10, 2.07157e-10, 2.32783e-10, 2.59072e-10, 2.85765e-10, 3.12612e-10, 3.3938e-10, 3.65854e-10, 3.91845e-10, 4.17185e-10, 4.41733e-10, 4.65371e-10, 4.88006e-10, 5.09565e-10, 5.29997e-10, 5.4927e-10, 5.67368e-10, 5.8429e-10, 6.00048e-10, 6.14664e-10, 6.28171e-10
6.82097e-12, 6.8483e-12, 6.92618e-12, 7.05695e-12, 7.24474e-12, 7.49578e-12, 7.81905e-12, 8.22718e-12, 8.73807e-12, 9.37717e-12, 1.01813e-11, 1.12039e-11, 1.25222e-11, 1.42449e-11, 1.65186e-11, 1.95307e-11, 2.35048e-11, 2.86879e-11, 3.53318e-11, 4.36694e-11, 5.38935e-11, 6.61388e-11, 8.04715e-11, 9.68853e-11, 1.15305e-10, 1.35593e-10, 1.57562e-10, 1.80985e-10, 2.0561e-10, 2.31171e-10, 2.57398e-10, 2.84028e-10, 3.10808e-10, 3.37504e-10, 3.63902e-10, 3.89814e-10, 4.15076e-10, 4.39547e-10, 4.63113e-10, 4.85682e-10, 5.07185e-10, 5.27573e-10, 5.46815e-10, 5.64895e-10, 5.81815e-10, 5.97585e-10, 6.12228e-10, 6.25776e-10, 6.38266e-10, 6.49741e-10
9.40092e-12, 9.44147e-12, 9.55691e-12, 9.75148e-12, 1.00325e-11, 1.0411e-11, 1.09036e-11, 1.15337e-11, 1.23353e-11, 1.33575e-11, 1.46712e-11, 1.63768e-11, 1.86124e-11, 2.15581e-11, 2.5435e-11, 3.04946e-11, 3.69995e-11, 4.51982e-11, 5.52992e-11, 6.74501e-11, 8.17243e-11, 9.81165e-11, 1.16546e-10, 1.36867e-10, 1.5888e-10, 1.82345e-10, 2.07e-10, 2.3257e-10, 2.58778e-10, 2.85357e-10, 3.12053e-10, 3.38634e-10, 3.64889e-10, 3.90635e-10, 4.15712e-10, 4.39986e-10, 4.63348e-10, 4.85714e-10, 5.07017e-10, 5.27214e-10, 5.46277e-10, 5.64194e-10, 5.80969e-10, 5.96613e-10, 6.1115e-10, 6.24611e-10, 6.37034e-10, 6.48463e-10, 6.58943e-10, 6.68524e-10
1.31451e-11, 1.3208e-11, 1.33878e-11, 1.36923e-11, 1.41352e-11, 1.47379e-11, 1.5532e-11, 1.65637e-11, 1.78998e-11, 1.96353e-11, 2.19019e-11, 2.48741e-11, 2.87703e-11, 3.38452e-11, 4.03709e-11, 4.86097e-11, 5.8784e-11, 7.10507e-11, 8.5485e-11, 1.02075e-10, 1.20726e-10, 1.41275e-10, 1.63503e-10, 1.87151e-10, 2.11943e-10, 2.3759e-10, 2.63811e-10, 2.90335e-10, 3.16909e-10, 3.43307e-10, 3.69325e-10, 3.94787e-10, 4.19543e-10, 4.4347e-10, 4.66469e-10, 4.88462e-10, 5.09395e-10, 5.29228e-10, 5.47941e-10, 5.65527e-10, 5.81992e-10, 5.97352e-10, 6.11632e-10, 6.24864e-10, 6.37085e-10, 6.48339e-10, 6.58672e-10, 6.6813e-10, 6.76764e-10, 6.84624e-10
1.88392e-11, 1.89429e-11, 1.92401e-11, 1.97462e-11, 2.04884e-11, 2.15096e-11, 2.28733e-11, 2.4671e-11, 2.70304e-11, 3.01223e-11, 3.4163e-11, 3.94086e-11, 4.61381e-11, 5.46248e-11, 6.51016e-11, 7.77293e-11, 9.25768e-11, 1.09615e-10, 1.28725e-10, 1.49714e-10, 1.72333e-10, 1.963e-10, 2.21318e-10, 2.47086e-10, 2.73316e-10, 2.99739e-10, 3.26108e-10, 3.52206e-10, 3.77841e-10, 4.02852e-10, 4.27104e-10, 4.50488e-10, 4.72919e-10, 4.94333e-10, 5.14685e-10, 5.33948e-10, 5.52108e-10, 5.69166e-10, 5.85133e-10, 6.00028e-10, 6.13878e-10, 6.26718e-10, 6.38586e-10, 6.49524e-10, 6.59576e-10, 6.68789e-10, 6.77211e-10, 6.8489e-10, 6.91873e-10, 6.98208e-10
2.80047e-11, 2.8187e-11, 2.87114e-11, 2.96094e-11, 3.09368e-11, 3.27794e-11, 3.52607e-11, 3.85482e-11, 4.28557e-11, 4.84376e-11, 5.55741e-11, 6.45431e-11, 7.55811e-11, 8.88446e-11, 1.04384e-10, 1.2214e-10, 1.41951e-10, 1.63581e-10, 1.86742e-10, 2.11121e-10, 2.36396e-10, 2.62258e-10, 2.88416e-10, 3.14609e-10, 3.40603e-10, 3.66197e-10, 3.91222e-10, 4.15536e-10, 4.39026e-10, 4.61602e-10, 4.832e-10, 5.0377e-10, 5.23283e-10, 5.41724e-10, 5.59089e-10, 5.75388e-10, 5.90636e-10, 6.04858e-10, 6.18085e-10, 6.30351e-10, 6.41695e-10, 6.52158e-10, 6.61784e-10, 6.70618e-10, 6.78705e-10, 6.86089e-10, 6.92816e-10, 6.9893e-10, 7.04473e-10, 7.09488e-10
4.37406e-11, 4.40817e-11, 4.50642e-11, 4.67503e-11, 4.92467e-11, 5.27087e-11, 5.73398e-11, 6.33834e-11, 7.11074e-11, 8.07795e-11, 9.26266e-11, 1.06787e-10, 1.23276e-10, 1.41982e-10, 1.62681e-10, 1.85076e-10, 2.08828e-10, 2.33586e-10, 2.59012e-10, 2.84791e-10, 3.10642e-10, 3.36321e-10, 3.6162e-10, 3.86366e-10, 4.1042e-10, 4.33669e-10, 4.5603e-10, 4.77438e-10, 4.9785e-10, 5.17238e-10, 5.35589e-10, 5.52901e-10, 5.69183e-10, 5.84451e-10, 5.98727e-10, 6.12041e-10, 6.24424e-10, 6.35913e-10, 6.46545e-10, 6.56362e-10, 6.65404e-10, 6.73713e-10, 6.81331e-10, 6.88301e-10, 6.94661e-10, 7.00454e-10, 7.05718e-10, 7.10492e-10, 7.1481e-10, 7.18709e-10
7.24647e-11, 7.31197e-11, 7.50011e-11, 7.82092e-11, 8.29017e-11, 8.92782e-11, 9.75598e-11, 1.0797e-10, 1.20699e-10, 1.35845e-10, 1.53364e-10, 1.73058e-10, 1.94616e-10, 2.17655e-10, 2.41778e-10, 2.666e-10, 2.91776e-10, 3.17002e-10, 3.42026e-10, 3.6664e-10, 3.90678e-10, 4.14008e-10, 4.36533e-10, 4.58178e-10, 4.78892e-10, 4.98641e-10, 5.17407e-10, 5.35183e-10, 5.51972e-10, 5.67786e-10, 5.82642e-10, 5.96565e-10, 6.09581e-10, 6.21721e-10, 6.33019e-10, 6.4351e-10, 6.53229e-10, 6.62215e-10, 6.70505e-10, 6.78137e-10, 6.85148e-10, 6.91576e-10, 6.97456e-10, 7.02825e-10, 7.07716e-10, 7.12162e-10, 7.16197e-10, 7.1985e-10, 7.23152e-10, 7.26128e-10
1.2647e-10, 1.27656e-10, 1.31028e-10, 1.36657e-10, 1.44636e-10, 1.55075e-10, 1.6808e-10, 1.83673e-10, 2.01707e-10, 2.2185e-10, 2.43649e-10, 2.66614e-10, 2.90284e-10, 3.14261e-10, 3.38217e-10, 3.61892e-10, 3.8509e-10, 4.07661e-10, 4.29498e-10, 4.50525e-10, 4.7069e-10, 4.89962e-10, 5.08323e-10, 5.25769e-10, 5.42303e-10, 5.57935e-10, 5.72683e-10, 5.86565e-10, 5.99606e-10, 6.11832e-10, 6.23271e-10, 6.33954e-10, 6.43909e-10, 6.5317e-10, 6.61767e-10, 6.69734e-10, 6.77101e-10, 6.83902e-10, 6.90166e-10, 6.95927e-10, 7.01212e-10, 7.06053e-10, 7.10478e-10, 7.14514e-10, 7.18189e-10, 7.21529e-10, 7.24557e-10, 7.27297e-10, 7.29772e-10, 7.32003e-10
2.23329e-10, 2.25044e-10, 2.29864e-10, 2.37777e-10, 2.48786e-10, 2.62797e-10, 2.79474e-10, 2.98233e-10, 3.18395e-10, 3.39339e-10, 3.60565e-10, 3.81706e-10, 4.02506e-10, 4.22791e-10, 4.42445e-10, 4.61398e-10, 4.79605e-10, 4.97044e-10, 5.13705e-10, 5.29589e-10, 5.44701e-10, 5.59053e-10, 5.7266e-10, 5.85538e-10, 5.97707e-10, 6.09186e-10, 6.19996e-10, 6.30159e-10, 6.39697e-10, 6.48634e-10, 6.56993e-10, 6.64797e-10, 6.7207e-10, 6.78837e-10, 6.8512e-10, 6.90943e-10, 6.96331e-10, 7.01306e-10, 7.05891e-10, 7.10108e-10, 7.1398e-10, 7.17528e-10, 7.20772e-10, 7.23733e-10, 7.2643e-10, 7.28882e-10, 7.31107e-10, 7.33121e-10, 7.34941e-10, 7.36583e-10
3.71111e-10, 3.73142e-10, 3.78831e-10, 3.87932e-10, 3.9983e-10, 4.13585e-10, 4.28302e-10, 4.4336e-10, 4.58391e-10, 4.7319e-10, 4.87647e-10, 5.01706e-10, 5.15333e-10, 5.28515e-10, 5.4124e-10, 5.53507e-10, 5.65312e-10, 5.76655e-10, 5.87538e-10, 5.97963e-10, 6.07933e-10, 6.17451e-10, 6.26523e-10, 6.35153e-10, 6.43349e-10, 6.51119e-10, 6.5847e-10, 6.65412e-10, 6.71955e-10, 6.7811e-10, 6.8389e-10, 6.89305e-10, 6.94369e-10, 6.99096e-10, 7.03498e-10, 7.0759e-10, 7.11386e-10, 7.149e-10, 7.18147e-10, 7.2114e-10, 7.23893e-10, 7.26422e-10, 7.28738e-10, 7.30857e-10, 7.32789e-10, 7.34549e-10, 7.36149e-10, 7.37599e-10, 7.38911e-10, 7.40096e-10
5.61963e-10, 5.63214e-10, 5.66066e-10, 5.69475e-10, 5.73039e-10, 5.7677e-10, 5.80757e-10, 5.8506e-10, 5.89695e-10, 5.94649e-10, 5.99885e-10, 6.05359e-10, 6.11021e-10, 6.16823e-10, 6.22715e-10, 6.28653e-10, 6.34597e-10, 6.40511e-10, 6.46361e-10, 6.52119e-10, 6.57761e-10, 6.63265e-10, 6.68612e-10, 6.73789e-10, 6.78782e-10, 6.83582e-10, 6.88182e-10, 6.92577e-10, 6.96763e-10, 7.00738e-10, 7.04504e-10, 7.0806e-10, 7.11411e-10, 7.14559e-10, 7.1751e-10, 7.20269e-10, 7.22841e-10, 7.25235e-10, 7.27456e-10, 7.29513e-10, 7.31413e-10, 7.33163e-10, 7.34773e-10, 7.3625e-10, 7.37601e-10, 7.38835e-10, 7.3996e-10, 7.40982e-10, 7.41909e-10, 7.42748e-10
7.06693e-10, 7.055e-10, 7.02357e-10, 6.98118e-10, 6.93643e-10, 6.89464e-10, 6.85857e-10, 6.82949e-10, 6.80773e-10, 6.79313e-10, 6.78525e-10, 6.78352e-10, 6.78726e-10, 6.79581e-10, 6.80851e-10, 6.82471e-10, 6.84383e-10, 6.86533e-10, 6.88872e-10, 6.91354e-10, 6.93942e-10, 6.96598e-10, 6.99293e-10, 7.01999e-10, 7.04693e-10, 7.07356e-10, 7.09969e-10, 7.12519e-10, 7.14994e-10, 7.17384e-10, 7.19682e-10, 7.21881e-10, 7.23979e-10, 7.25972e-10, 7.27858e-10, 7.29638e-10, 7.31312e-10, 7.32881e-10, 7.34347e-10, 7.35714e-10, 7.36984e-10, 7.38161e-10, 7.39248e-10, 7.40251e-10, 7.41172e-10, 7.42017e-10, 7.4279e-10, 7.43495e-10, 7.44137e-10, 7.44719e-10
7.38433e-10, 7.38302e-10, 7.379e-10, 7.37106e-10, 7.35756e-10, 7.33822e-10, 7.31456e-10, 7.28882e-10, 7.2631e-10, 7.23896e-10, 7.21748e-10, 7.1993e-10, 7.1847e-10, 7.17375e-10, 7.16635e-10, 7.16227e-10, 7.16125e-10, 7.16297e-10, 7.1671e-10, 7.17332e-10, 7.18131e-10, 7.19078e-10, 7.20144e-10, 7.21305e-10, 7.22536e-10, 7.23819e-10, 7.25133e-10, 7.26463e-10, 7.27795e-10, 7.29117e-10, 7.30417e-10, 7.31689e-10, 7.32924e-10, 7.34116e-10, 7.35262e-10, 7.36357e-10, 7.37399e-10, 7.38386e-10, 7.39318e-10, 7.40195e-10, 7.41016e-10, 7.41783e-10, 7.42496e-10, 7.43158e-10, 7.4377e-10, 7.44335e-10, 7.44854e-10, 7.45329e-10, 7.45764e-10, 7.46161e-10
7.46953e-10, 7.46907e-10, 7.46779e-10, 7.46561e-10, 7.46238e-10, 7.4577e-10, 7.45101e-10, 7.44199e-10, 7.43085e-10, 7.41817e-10, 7.4047e-10, 7.3912e-10, 7.37831e-10, 7.36654e-10, 7.35622e-10, 7.34757e-10, 7.34069e-10, 7.33558e-10, 7.33219e-10, 7.33043e-10, 7.33016e-10, 7.33125e-10, 7.33353e-10, 7.33684e-10, 7.34104e-10, 7.34597e-10, 7.3515e-10, 7.35749e-10, 7.36382e-10, 7.3704e-10, 7.37711e-10, 7.38389e-10, 7.39066e-10, 7.39735e-10, 7.40391e-10, 7.41031e-10, 7.41649e-10, 7.42243e-10, 7.42812e-10, 7.43353e-10, 7.43866e-10, 7.4435e-10, 7.44804e-10, 7.45228e-10, 7.45624e-10, 7.45992e-10, 7.46332e-10, 7.46646e-10, 7.46934e-10, 7.47199e-10
7.49149e-10, 7.49132e-10, 7.49085e-10, 7.49008e-10, 7.48899e-10, 7.48754e-10, 7.48564e-10, 7.48311e-10, 7.47972e-10, 7.47534e-10, 7.46998e-10, 7.46381e-10, 7.45709e-10, 7.45014e-10, 7.44324e-10, 7.43668e-10, 7.43066e-10, 7.42535e-10, 7.42085e-10, 7.41721e-10, 7.41445e-10, 7.41256e-10, 7.4115e-10, 7.41122e-10, 7.41164e-10, 7.41269e-10, 7.41429e-10, 7.41637e-10, 7.41885e-10, 7.42165e-10, 7.42471e-10, 7.42797e-10, 7.43136e-10, 7.43483e-10, 7.43834e-10, 7.44185e-10, 7.44533e-10, 7.44874e-10, 7.45205e-10, 7.45526e-10, 7.45834e-10, 7.46129e-10, 7.46408e-10, 7.46673e-10, 7.46921e-10, 7.47155e-10, 7.47372e-10, 7.47574e-10, 7.47761e-10, 7.47934e-10
7.49469e-10, 7.49467e-10, 7.49459e-10, 7.49444e-10, 7.4942e-10, 7.49385e-10, 7.49335e-10, 7.49269e-10, 7.49178e-10, 7.49054e-10, 7.4889e-10, 7.48677e-10, 7.48417e-10, 7.48116e-10, 7.47782e-10, 7.47431e-10, 7.47074e-10, 7.46726e-10, 7.46399e-10, 7.461e-10, 7.45838e-10, 7.45618e-10, 7.4544e-10, 7.45308e-10, 7.45219e-10, 7.45172e-10, 7.45164e-10, 7.45193e-10, 7.45253e-10, 7.45342e-10, 7.45454e-10, 7.45587e-10, 7.45737e-10, 7.459e-10, 7.46072e-10, 7.46251e-10, 7.46434e-10, 7.46619e-10, 7.46803e-10, 7.46984e-10, 7.47162e-10, 7.47334e-10, 7.47501e-10, 7.4766e-10, 7.47812e-10, 7.47955e-10, 7.48091e-10, 7.48218e-10, 7.48336e-10, 7.48446e-10
7.49471e-10, 7.49471e-10, 7.49471e-10, 7.49471e-10, 7.4947e-10, 7.49466e-10, 7.49459e-10, 7.49447e-10, 7.49427e-10, 7.49398e-10, 7.49355e-10, 7.49296e-10, 7.49214e-10, 7.49109e-10, 7.48981e-10, 7.4883e-10, 7.48663e-10, 7.48485e-10, 7.48302e-10, 7.4812e-10, 7.47946e-10, 7.47785e-10, 7.4764e-10, 7.47515e-10, 7.47412e-10, 7.47331e-10, 7.47273e-10, 7.47237e-10, 7.47222e-10, 7.47227e-10, 7.4725e-10, 7.47289e-10, 7.47342e-10, 7.47406e-10, 7.47481e-10, 7.47563e-10, 7.47652e-10, 7.47745e-10, 7.47841e-10, 7.47939e-10, 7.48036e-10, 7.48133e-10, 7.48228e-10, 7.48321e-10, 7.4841e-10, 7.48496e-10, 7.48578e-10, 7.48656e-10, 7.48729e-10, 7.48798e-10
7.49471e-10, 7.49471e-10, 7.49471e-10, 7.49471e-10, 7.49471e-10, 7.49471e-10, 7.49471e-10, 7.49469e-10, 7.49467e-10, 7.49461e-10, 7.49452e-10, 7.49438e-10, 7.49417e-10, 7.49386e-10, 7.49345e-10, 7.49291e-10, 7.49226e-10, 7.49149e-10, 7.49064e-10, 7.48972e-10, 7.48878e-10, 7.48783e-10, 7.48692e-10, 7.48606e-10, 7.48528e-10, 7.4846e-10, 7.48402e-10, 7.48356e-10, 7.48322e-10, 7.48299e-10, 7.48288e-10, 7.48287e-10, 7.48296e-10, 7.48314e-10, 7.4834e-10, 7.48372e-10, 7.4841e-10, 7.48453e-10, 7.48499e-10, 7.48548e-10, 7.48599e-10, 7.48651e-10, 7.48703e-10, 7.48754e-10, 7.48805e-10, 7.48855e-10, 7.48903e-10, 7.4895e-10, 7.48994e-10, 7.49036e-10
7.49471e-10, 7.49471e-10, 7.49471e-10, 7.49471e-10, 7.49471e-10, 7.49471e-10, 7.49471e-10, 7.49471e-10, 7.49471e-10, 7.4947e-10, 7.49469e-10, 7.49466e-10, 7.49461e-10, 7.49454e-10, 7.49442e-10, 7.49426e-10, 7.49404e-10, 7.49376e-10, 7.49341e-10, 7.49301e-10, 7.49257e-10, 7.49209e-10, 7.4916e-10, 7.49111e-10, 7.49063e-10, 7.49017e-10, 7.48976e-10, 7.48939e-10, 7.48908e-10, 7.48883e-10, 7.48864e-10, 7.48851e-10, 7.48844e-10, 7.48843e-10, 7.48847e-10, 7.48856e-10, 7.48869e-10, 7.48886e-10, 7.48905e-10, 7.48928e-10, 7.48952e-10, 7.48978e-10, 7.49005e-10, 7.49033e-10, 7.49061e-10, 7.49089e-10, 7.49116e-10, 7.49143e-10, 7.49169e-10, 7.49194e-10
7.49471e-10, 7.49471e-10, 7.49471e-10, 7.49471e-10, 7.49471e-10, 7.49471e-10, 7.49471e-10, 7.49471e-10, 7.49471e-10, 7.49471e-10, 7.49471e-10, 7.49471e-10, 7.4947e-10, 7.49468e-10, 7.49465e-10, 7.49461e-10, 7.49455e-10, 7.49445e-10, 7.49433e-10, 7.49418e-10, 7.494e-10, 7.49378e-10, 7.49355e-10, 7.4933e-10, 7.49304e-10, 7.49278e-10, 7.49253e-10, 7.49229e-10, 7.49207e-10, 7.49188e-10, 7.49171e-10, 7.49158e-10, 7.49148e-10, 7.49141e-10, 7.49137e-10, 7.49136e-10, 7.49138e-10, 7.49143e-10, 7.4915e-10, 7.49159e-10, 7.49169e-10, 7.49181e-10, 7.49195e-10, 7.49209e-10, 7.49223e-10, 7.49238e-10, 7.49253e-10, 7.49268e-10, 7.49283e-10, 7.49297e-10
7.49471e-10, 7.49471e-10, 7.49471e-10, 7.49471e-10, 7.49471e-10, 7.49471e-10, 7.49471e-10, 7.49471e-10, 7.49471e-10, 7.49471e-10, 7.49471e-10, 7.49471e-10, 7.49471e-10, 7.49471e-10, 7.4947e-10, 7.49469e-10, 7.49468e-10, 7.49465e-10, 7.49461e-10, 7.49456e-10, 7.49449e-10, 7.49441e-10, 7.49431e-10, 7.49419e-10, 7.49407e-10, 7.49393e-10, 7.4938e-10, 7.49366e-10, 7.49353e-10, 7.4934e-10, 7.49329e-10, 7.49318e-10, 7.4931e-10, 7.49303e-10, 7.49298e-10, 7.49294e-10, 7.49292e-10, 7.49292e-10, 7.49293e-10, 7.49296e-10, 7.493e-10, 7.49304e-10, 7.4931e-10, 7.49317e-10, 7.49324e-10, 7.49331e-10, 7.49339e-10, 7.49347e-10, 7.49355e-10, 7.49363e-10
7.49471e-10, 7.49471e-10, 7.49471e-10, 7.49471e-10, 7.49471e-10, 7.49471e-10, 7.49471e-10, 7.49471e-10, 7.49471e-10, 7.49471e-10, 7.49471e-10, 7.49471e-10, 7.49471e-10, 7.49471e-10, 7.49471e-10, 7.49471e-10, 7.49471e-10, 7.4947e-10, 7.49469e-10, 7.49467e-10, 7.49465e-10, 7.49462e-10, 7.49458e-10, 7.49453e-10, 7.49448e-10, 7.49441e-10, 7.49435e-10, 7.49427e-10, 7.4942e-10, 7.49413e-10, 7.49406e-10, 7.49399e-10, 7.49393e-10, 7.49388e-10, 7.49384e-10, 7.4938e-10, 7.49378e-10, 7.49376e-10, 7.49375e-10, 7.49375e-10, 7.49376e-10, 7.49377e-10, 7.49379e-10, 7.49382e-10, 7.49385e-10, 7.49389e-10, 7.49393e-10, 7.49397e-10, 7.49401e-10, 7.49406e-10
7.49471e-10, 7.49471e-10, 7.49471e-10, 7.49471e-10, 7.49471e-10, 7.49471e-10, 7.49471e-10, 7.49471e-10, 7.49471e-10, 7.49471e-10, 7.49471e-10, 7.49471e-10, 7.49471e-10, 7.49471e-10, 7.49471e-10, 7.49471e-10, 7.49471e-10, 7.49471e-10, 7.49471e-10, 7.4947e-10, 7.4947e-10, 7.49469e-10, 7.49467e-10, 7.49465e-10, 7.49463e-10, 7.4946e-10, 7.49457e-10, 7.49454e-10, 7.4945e-10, 7.49446e-10, 7.49442e-10, 7.49439e-10, 7.49435e-10, 7.49432e-10, 7.49428e-10, 7.49426e-10, 7.49424e-10, 7.49422e-10, 7.4942e-10, 7.4942e-10, 7.49419e-10, 7.49419e-10, 7.4942e-10, 7.49421e-10, 7.49422e-10, 7.49424e-10, 7.49425e-10, 7.49427e-10, 7.4943e-10, 7.49432e-10
