0.940177, 1.23417, 1.60571, 2.06199, 2.60558, 3.2335, 3.93716, 4.70306, 5.51408, 6.35113, 7.19467, 8.02621, 8.8293, 9.59025, 10.2984, 10.946, 11.5285, 12.0435, 12.491, 12.8723, 13.1904, 13.449, 13.6523, 13.805, 13.9119, 13.9778, 14.0071, 14.0043, 13.9733, 13.918, 13.8418, 13.7477, 13.6384, 13.5166, 13.3842, 13.2432, 13.0953, 12.942, 12.7844, 12.6237, 12.4608, 12.2964, 12.1313, 11.966, 11.8011, 11.6368, 11.4735, 11.3115, 11.1511, 10.9924
0.953247, 1.25098, 1.62715, 2.08898, 2.63901, 3.27418, 3.98574, 4.75998, 5.57957, 6.42513, 7.27694, 8.11629, 8.92658, 9.69398, 10.4077, 11.0602, 11.6466, 12.1647, 12.6144, 12.9973, 13.3163, 13.5751, 13.7781, 13.9301, 14.0359, 14.1002, 14.1277, 14.1229, 14.0897, 14.032, 13.9533, 13.8566, 13.7448, 13.6202, 13.4852, 13.3416, 13.1911, 13.0351, 12.8749, 12.7117, 12.5463, 12.3795, 12.212, 12.0444, 11.8771, 11.7107, 11.5452, 11.3812, 11.2188, 11.0581
0.966913, 1.26855, 1.64954, 2.11715, 2.67389, 3.31661, 4.03638, 4.81929, 5.64775, 6.50216, 7.36254, 8.20997, 9.0277, 9.80178, 10.5214, 11.1788, 11.7692, 12.2905, 12.7425, 13.127, 13.4468, 13.7058, 13.9085, 14.0596, 14.1641, 14.2269, 14.2525, 14.2455, 14.21, 14.1499, 14.0685, 13.9692, 13.8546, 13.7273, 13.5895, 13.4431, 13.2898, 13.1311, 12.9683, 12.8024, 12.6344, 12.4651, 12.2951, 12.1251, 11.9555, 11.7867, 11.6191, 11.4529, 11.2884, 11.1257
0.981215, 1.28693, 1.67294, 2.14658, 2.71032, 3.36089, 4.08921, 4.88113, 5.71881, 6.5824, 7.45165, 8.30747, 9.1329, 9.91386, 10.6394, 11.3019, 11.8965, 12.421, 12.8754, 13.2614, 13.5821, 13.8413, 14.0436, 14.1938, 14.297, 14.358, 14.3816, 14.3724, 14.3345, 14.2717, 14.1877, 14.0855, 13.9681, 13.8379, 13.6972, 13.5479, 13.3918, 13.2302, 13.0646, 12.896, 12.7253, 12.5534, 12.3808, 12.2083, 12.0363, 11.8651, 11.6952, 11.5268, 11.3601, 11.1952
0.996196, 1.30617, 1.69743, 2.17735, 2.74838, 3.40713, 4.14435, 4.94565, 5.79292, 6.66603, 7.5445, 8.409, 9.24239, 10.0305, 10.7623, 11.43, 12.0288, 12.5566, 13.0134, 13.401, 13.7225, 13.9818, 14.1836, 14.3329, 14.4346, 14.4939, 14.5154, 14.5037, 14.4632, 14.3978, 14.3109, 14.2058, 14.0854, 13.9522, 13.8084, 13.6562, 13.497, 13.3326, 13.164, 12.9925, 12.8191, 12.6444, 12.4692, 12.2941, 12.1195, 11.9459, 11.7736, 11.6028, 11.4339, 11.2669
1.0119, 1.32632, 1.72307, 2.20956, 2.78819, 3.45548, 4.20196, 5.01301, 5.87026, 6.75327, 7.6413, 8.5148, 9.35644, 10.1519, 10.8901, 11.5631, 12.1663, 12.6975, 13.1568, 13.546, 13.8682, 14.1276, 14.3289, 14.4771, 14.5773, 14.6346, 14.6539, 14.6398, 14.5966, 14.5282, 14.4383, 14.3302, 14.2066, 14.0703, 13.9234, 13.768, 13.6058, 13.4382, 13.2667, 13.0922, 12.9158, 12.7383, 12.5603, 12.3825, 12.2053, 12.0292, 11.8544, 11.6812, 11.5099, 11.3407
1.02839, 1.34747, 1.74995, 2.24329, 2.82987, 3.50606, 4.2622, 5.08342, 5.95103, 6.84433, 7.7423, 8.62513, 9.47532, 10.2784, 11.0232, 11.7018, 12.3095, 12.8441, 13.3058, 13.6966, 14.0196, 14.2791, 14.4798, 14.6268, 14.7253, 14.7806, 14.7975, 14.7807, 14.7347, 14.6633, 14.5703, 14.4589, 14.3321, 14.1925, 14.0423, 13.8836, 13.7181, 13.5474, 13.3727, 13.1951, 13.0157, 12.8352, 12.6544, 12.4738, 12.2938, 12.115, 11.9377, 11.762, 11.5883, 11.4167
1.04571, 1.36966, 1.77815, 2.27867, 2.87354, 3.55902, 4.32524, 5.15705, 6.03547, 6.93948, 7.84777, 8.74028, 9.59932, 10.4103, 11.1618, 11.8462, 12.4585, 12.9966, 13.4609, 13.8532, 14.177, 14.4364, 14.6364, 14.7821, 14.8789, 14.932, 14.9464, 14.9268, 14.8778, 14.8033, 14.707, 14.5922, 14.462, 14.3189, 14.1653, 14.0032, 13.8343, 13.6602, 13.4822, 13.3014, 13.1188, 12.9353, 12.7515, 12.5679, 12.3852, 12.2036, 12.0235, 11.8453, 11.6691, 11.495
1.06393, 1.39299, 1.80777, 2.31579, 2.91935, 3.61454, 4.39128, 5.23414, 6.12382, 7.03896, 7.95798, 8.86055, 9.72877, 10.5479, 11.3065, 11.9967, 12.6137, 13.1555, 13.6223, 14.0162, 14.3406, 14.5999, 14.7991, 14.9435, 15.0384, 15.0892, 15.1009, 15.0784, 15.0262, 14.9483, 14.8486, 14.7303, 14.5965, 14.4498, 14.2926, 14.1268, 13.9544, 13.7768, 13.5954, 13.4113, 13.2254, 13.0386, 12.8517, 12.6651, 12.4794, 12.295, 12.1121, 11.9312, 11.7523, 11.5758
1.08312, 1.41755, 1.83891, 2.3548, 2.96744, 3.67279, 4.46053, 5.31492, 6.21633, 7.14308, 8.07326, 8.98627, 9.86401, 10.6915, 11.4574, 12.1537, 12.7755, 13.321, 13.7904, 14.1858, 14.5109, 14.7701, 14.9684, 15.1112, 15.2041, 15.2524, 15.2613, 15.2357, 15.1801, 15.0987, 14.9953, 14.8733, 14.7358, 14.5853, 14.4243, 14.2548, 14.0787, 13.8975, 13.7125, 13.5248, 13.3355, 13.1454, 12.9552, 12.7655, 12.5767, 12.3893, 12.2035, 12.0198, 11.8382, 11.659
1.10335, 1.44341, 1.8717, 2.39583, 3.01799, 3.73397, 4.5332, 5.39964, 6.3133, 7.25214, 8.19394, 9.11781, 10.0054, 10.8417, 11.6151, 12.3176, 12.9444, 13.4936, 13.9656, 14.3626, 14.6882, 14.9471, 15.1444, 15.2856, 15.3763, 15.422, 15.4279, 15.399, 15.3399, 15.2548, 15.1476, 15.0217, 14.8802, 14.7257, 14.5608, 14.3874, 14.2074, 14.0223, 13.8336, 13.6423, 13.4494, 13.2558, 13.0622, 12.8692, 12.6772, 12.4866, 12.2979, 12.1113, 11.9269, 11.7449
1.12471, 1.47069, 1.90625, 2.43904, 3.07118, 3.7983, 4.60956, 5.48859, 6.41504, 7.3665, 8.32039, 9.25555, 10.1534, 10.9987, 11.7799, 12.4888, 13.1207, 13.6737, 14.1483, 14.5469, 14.8731, 15.1316, 15.3277, 15.4672, 15.5555, 15.5983, 15.601, 15.5686, 15.5058, 15.4168, 15.3056, 15.1756, 15.0299, 14.8713, 14.7022, 14.5247, 14.3406, 14.1516, 13.9589, 13.7638, 13.5672, 13.37, 13.1728, 12.9763, 12.781, 12.5872, 12.3954, 12.2057, 12.0184, 11.8336
1.1473, 1.49951, 1.94271, 2.4846, 3.12721, 3.86601, 4.68988, 5.58208, 6.52189, 7.48652, 8.45302, 9.39993, 10.3084, 11.1631, 11.9523, 12.6678, 13.305, 13.8619, 14.3391, 14.7391, 15.0658, 15.3238, 15.5187, 15.6562, 15.742, 15.7818, 15.7811, 15.745, 15.6782, 15.5851, 15.4696, 15.3353, 15.1853, 15.0223, 14.8488, 14.667, 14.4787, 14.2855, 14.0887, 13.8896, 13.6891, 13.488, 13.2872, 13.0871, 12.8883, 12.6912, 12.4961, 12.3032, 12.1128, 11.9251
1.1712, 1.52999, 1.98124, 2.5327, 3.18632, 3.93738, 4.77446, 5.68047, 6.63425, 7.61262, 8.59227, 9.55141, 10.471, 11.3354, 12.1329, 12.8552, 13.4977, 14.0586, 14.5385, 14.9399, 15.2669, 15.5244, 15.7178, 15.8532, 15.9362, 15.9728, 15.9685, 15.9285, 15.8575, 15.76, 15.6401, 15.5012, 15.3465, 15.179, 15.0009, 14.8146, 14.6218, 14.4242, 14.2232, 14.0198, 13.8153, 13.6103, 13.4056, 13.2017, 12.9993, 12.7987, 12.6001, 12.404, 12.2104, 12.0196
1.19655, 1.56227, 2.02202, 2.58355, 3.24876, 4.01269, 4.86364, 5.78411, 6.75253, 7.74527, 8.73864, 9.71051, 10.6416, 11.5161, 12.3221, 13.0515, 13.6995, 14.2644, 14.7469, 15.1497, 15.477, 15.7337, 15.9256, 16.0586, 16.1387, 16.1719, 16.1637, 16.1194, 16.044, 15.9419, 15.8172, 15.6735, 15.5141, 15.3417, 15.1588, 14.9677, 14.7703, 14.5681, 14.3625, 14.1548, 13.946, 13.7368, 13.5281, 13.3203, 13.1141, 12.9098, 12.7077, 12.5081, 12.3112, 12.1172
1.22348, 1.59653, 2.06523, 2.63739, 3.31479, 4.09228, 4.9578, 5.89344, 6.87718, 7.88496, 8.89265, 9.8778, 10.8208, 11.7058, 12.5207, 13.2573, 13.9109, 14.4799, 14.965, 15.3692, 15.6966, 15.9524, 16.1425, 16.273, 16.3499, 16.3794, 16.367, 16.3183, 16.2382, 16.1313, 16.0015, 15.8528, 15.6882, 15.5107, 15.3228, 15.1267, 14.9243, 14.7173, 14.5071, 14.2948, 14.0814, 13.8679, 13.655, 13.4431, 13.2329, 13.0248, 12.819, 12.6158, 12.4155, 12.2181
1.25213, 1.63293, 2.1111, 2.69447, 3.38474, 4.1765, 5.05734, 6.00892, 7.00873, 8.03224, 9.0549, 10.0539, 11.0094, 11.9052, 12.7293, 13.4733, 14.1326, 14.7057, 15.1935, 15.5989, 15.9263, 16.1811, 16.3692, 16.4969, 16.5704, 16.5959, 16.5791, 16.5257, 16.4406, 16.3284, 16.1934, 16.0392, 15.8693, 15.6864, 15.4932, 15.2918, 15.0843, 14.8722, 14.657, 14.4399, 14.2219, 14.0038, 13.7864, 13.5703, 13.356, 13.1438, 12.9342, 12.7273, 12.5233, 12.3225
1.28266, 1.67168, 2.15987, 2.7551, 3.45895, 4.26575, 5.16273, 6.13105, 7.14774, 8.18774, 9.22606, 10.2395, 11.2079, 12.1151, 12.9486, 13.7002, 14.3655, 14.9427, 15.4331, 15.8397, 16.1669, 16.4205, 16.6064, 16.731, 16.8008, 16.8219, 16.8005, 16.7419, 16.6515, 16.5338, 16.3932, 16.2334, 16.0577, 15.8692, 15.6704, 15.4635, 15.2505, 15.0331, 14.8127, 14.5905, 14.3676, 14.1447, 13.9227, 13.7021, 13.4835, 13.2671, 13.0534, 12.8426, 12.6349, 12.4304
1.31526, 1.71301, 2.21183, 2.81961, 3.53781, 4.3605, 5.27447, 6.26043, 7.29484, 8.35213, 9.40683, 10.4354, 11.4173, 12.3361, 13.1794, 13.939, 14.6102, 15.1916, 15.6845, 16.0921, 16.4191, 16.6712, 16.8546, 16.9759, 17.0416, 17.0582, 17.0316, 16.9677, 16.8716, 16.7481, 16.6015, 16.4357, 16.254, 16.0594, 15.8547, 15.642, 15.4233, 15.2003, 14.9744, 14.7469, 14.5188, 14.2909, 14.0641, 13.8388, 13.6156, 13.3948, 13.1769, 12.962, 12.7503, 12.5421
1.35016, 1.75717, 2.26727, 2.88836, 3.62176, 4.46124, 5.39316, 6.39769, 7.45073, 8.52617, 9.59804, 10.6423, 11.6383, 12.5693, 13.4227, 14.1904, 14.8677, 15.4533, 15.9487, 16.3572, 16.6837, 16.9341, 17.1147, 17.2323, 17.2937, 17.3053, 17.2733, 17.2036, 17.1014, 16.9717, 16.8188, 16.6465, 16.4585, 16.2576, 16.0466, 15.8277, 15.603, 15.3741, 15.1425, 14.9094, 14.6758, 14.4427, 14.2108, 13.9805, 13.7526, 13.5273, 13.3049, 13.0857, 12.8699, 12.6577
1.38759, 1.80447, 2.32657, 2.96179, 3.7113, 4.56855, 5.51943, 6.54356, 7.61622, 8.71072, 9.80057, 10.8614, 11.872, 12.8156, 13.6795, 14.4554, 15.1389, 15.7288, 16.2266, 16.6359, 16.9616, 17.21, 17.3875, 17.5011, 17.5577, 17.564, 17.5261, 17.4502, 17.3416, 17.2052, 17.0456, 16.8666, 16.6717, 16.4642, 16.2465, 16.0212, 15.79, 15.5549, 15.3172, 15.0783, 14.839, 14.6004, 14.3631, 14.1277, 13.8947, 13.6646, 13.4376, 13.2139, 12.9938, 12.7774
1.42783, 1.85525, 2.39012, 3.04037, 3.80699, 4.68308, 5.65402, 6.69883, 7.79218, 8.90673, 10.0155, 11.0935, 12.1194, 13.076, 13.9508, 14.7353, 15.4251, 16.0192, 16.5193, 16.9291, 17.2539, 17.4999, 17.6739, 17.7832, 17.8346, 17.835, 17.7909, 17.7083, 17.5928, 17.4493, 17.2825, 17.0963, 16.8943, 16.6796, 16.455, 16.2227, 15.9849, 15.7432, 15.4991, 15.254, 15.0087, 14.7642, 14.5213, 14.2805, 14.0423, 13.8071, 13.5752, 13.3469, 13.1223, 12.9015
1.4712, 1.90988, 2.45839, 3.12465, 3.90947, 4.80555, 5.79776, 6.86445, 7.97961, 9.11526, 10.2438, 11.3399, 12.3817, 13.352, 14.2379, 15.0311, 15.7273, 16.3256, 16.8278, 17.238, 17.5615, 17.8048, 17.975, 18.0794, 18.1252, 18.1193, 18.0684, 17.9787, 17.8558, 17.7048, 17.5303, 17.3364, 17.1268, 16.9046, 16.6725, 16.4329, 16.188, 15.9394, 15.6886, 15.4368, 15.1852, 14.9347, 14.6858, 14.4393, 14.1956, 13.9551, 13.7181, 13.4849, 13.2555, 13.0302
1.51808, 1.96882, 2.53191, 3.21527, 4.01947, 4.93682, 5.95158, 7.04143, 8.17964, 9.33754, 10.4869, 11.6018, 12.6603, 13.6447, 14.5422, 15.3443, 16.047, 16.6494, 17.1536, 17.5638, 17.8856, 18.1259, 18.2918, 18.3909, 18.4305, 18.4178, 18.3596, 18.2622, 18.1313, 17.9722, 17.7896, 17.5875, 17.3698, 17.1396, 16.8996, 16.6523, 16.3998, 16.1439, 15.8859, 15.6273, 15.3691, 15.112, 14.8569, 14.6044, 14.3549, 14.1089, 13.8665, 13.6281, 13.3938, 13.1637
1.56891, 2.03258, 2.6113, 3.31294, 4.13784, 5.07783, 6.11656, 7.23098, 8.39357, 9.57491, 10.7461, 11.8809, 12.9567, 13.9558, 14.8652, 15.6765, 16.3856, 16.9921, 17.498, 17.9079, 18.2278, 18.4645, 18.6256, 18.7187, 18.7516, 18.7315, 18.6654, 18.5597, 18.4203, 18.2526, 18.0612, 17.8504, 17.6241, 17.3853, 17.1369, 16.8815, 16.621, 16.3573, 16.0918, 15.8259, 15.5605, 15.2967, 15.0351, 14.7762, 14.5206, 14.2687, 14.0207, 13.7768, 13.5373, 13.3022
1.62418, 2.10178, 2.69728, 3.41851, 4.26553, 5.22969, 6.29394, 7.43444, 8.62284, 9.82895, 11.0232, 12.1787, 13.2727, 14.287, 15.2086, 16.0292, 16.7449, 17.3552, 17.8626, 18.2719, 18.5893, 18.8219, 18.9776, 19.0643, 19.0898, 19.0617, 18.987, 18.8724, 18.7238, 18.5467, 18.346, 18.1259, 17.8903, 17.6424, 17.3852, 17.121, 16.852, 16.5801, 16.3066, 16.033, 15.7602, 15.4892, 15.2206, 14.9551, 14.6931, 14.435, 14.181, 13.9315, 13.6865, 13.4461
1.68449, 2.17713, 2.79069, 3.53295, 4.40369, 5.39367, 6.48514, 7.65336, 8.86913, 10.1014, 11.3199, 12.4973, 13.6101, 14.6402, 15.5744, 16.4045, 17.1267, 17.7407, 18.2493, 18.6575, 18.9719, 19.1998, 19.3495, 19.429, 19.4464, 19.4095, 19.3255, 19.2012, 19.0427, 18.8557, 18.6449, 18.4149, 18.1694, 17.9118, 17.645, 17.3716, 17.0936, 16.8129, 16.531, 16.2492, 15.9685, 15.6899, 15.414, 15.1414, 14.8726, 14.608, 14.3478, 14.0923, 13.8415, 13.5956
1.75057, 2.25945, 2.8925, 3.65742, 4.55361, 5.57126, 6.69179, 7.88955, 9.13438, 10.3944, 11.6385, 12.8386, 13.9712, 15.0177, 15.9648, 16.8045, 17.5331, 18.1505, 18.6599, 19.0666, 19.3773, 19.5999, 19.7428, 19.8143, 19.8228, 19.7763, 19.6822, 19.5475, 19.3784, 19.1805, 18.959, 18.7182, 18.4622, 18.1942, 17.9173, 17.634, 17.3465, 17.0565, 16.7656, 16.4751, 16.186, 15.8993, 15.6157, 15.3357, 15.0598, 14.7883, 14.5215, 14.2596, 14.0028, 13.7511
1.82325, 2.34975, 3.00388, 3.79324, 4.71684, 5.76419, 6.91581, 8.14508, 9.4208, 10.7101, 11.9812, 13.2053, 14.3585, 15.4219, 16.3824, 17.2317, 17.9665, 18.5871, 19.0968, 19.5013, 19.8077, 20.0242, 20.1594, 20.2221, 20.2208, 20.1638, 20.0587, 19.9126, 19.7319, 19.5224, 19.2893, 19.0371, 18.7697, 18.4907, 18.203, 17.9091, 17.6113, 17.3114, 17.011, 16.7113, 16.4134, 16.1181, 15.8263, 15.5384, 15.2549, 14.9762, 14.7024, 14.4339, 14.1707, 13.9129
1.90354, 2.44921, 3.12622, 3.94204, 4.8952, 5.97448, 7.15945, 8.42238, 9.73099, 11.0514, 12.3509, 13.6003, 14.7749, 15.8558, 16.8298, 17.6889, 18.4298, 19.0531, 19.5625, 19.964, 20.2653, 20.4747, 20.6014, 20.6542, 20.6422, 20.5737, 20.4566, 20.2981, 20.1049, 19.8828, 19.6372, 19.3726, 19.0931, 18.8021, 18.5028, 18.1977, 17.889, 17.5786, 17.268, 16.9584, 16.6511, 16.3468, 16.0463, 15.75, 15.4586, 15.1722, 14.8911, 14.6155, 14.3455, 14.0813
1.9927, 2.55928, 3.26119, 4.10569, 5.09084, 6.20455, 7.42534, 8.7243, 10.068, 11.4214, 12.751, 14.0267, 15.2237, 16.3228, 17.3106, 18.1793, 18.9259, 19.5514, 20.0598, 20.4576, 20.7527, 20.9541, 21.0711, 21.113, 21.089, 21.0078, 20.8776, 20.7056, 20.4988, 20.2632, 20.004, 19.7261, 19.4335, 19.1298, 18.818, 18.5009, 18.1805, 17.8588, 17.5373, 17.2174, 16.9, 16.5861, 16.2763, 15.9712, 15.6713, 15.3768, 15.0879, 14.8049, 14.5278, 14.2567
2.09222, 2.68171, 3.41079, 4.28652, 5.30633, 6.45725, 7.7166, 9.05419, 10.4353, 11.8237, 13.1851, 14.4886, 15.7088, 16.8265, 17.8283, 18.7065, 19.4584, 20.0854, 20.592, 20.9851, 21.273, 21.4651, 21.5711, 21.6008, 21.5635, 21.4684, 21.3237, 21.1371, 20.9155, 20.6651, 20.3913, 20.0989, 19.7922, 19.4748, 19.1497, 18.8196, 18.4867, 18.153, 17.8199, 17.4889, 17.1608, 16.8367, 16.5171, 16.2026, 15.8936, 15.5905, 15.2934, 15.0025, 14.7179, 14.4396
2.20396, 2.81862, 3.57747, 4.48728, 5.54481, 6.73602, 8.03696, 9.41604, 10.8371, 12.2628, 13.6577, 14.9903, 16.2347, 17.3715, 18.3873, 19.2747, 20.0314, 20.6591, 21.1628, 21.55, 21.8293, 22.0108, 22.1044, 22.1203, 22.0684, 21.9579, 21.7973, 21.5946, 21.3569, 21.0903, 20.8007, 20.4927, 20.1708, 19.8385, 19.4991, 19.1551, 18.8088, 18.4622, 18.1168, 17.7738, 17.4344, 17.0993, 16.7693, 16.4448, 16.1263, 15.814, 15.5082, 15.209, 14.9164, 14.6305
2.33026, 2.97268, 3.76425, 4.71138, 5.81004, 7.04501, 8.39092, 9.81462, 11.2785, 12.7439, 14.1741, 15.5372, 16.8067, 17.9629, 18.9927, 19.8889, 20.6496, 21.2769, 21.7766, 22.1563, 22.4256, 22.5947, 22.6743, 22.6749, 22.6065, 22.479, 22.3009, 22.0806, 21.8251, 21.5411, 21.2341, 20.9093, 20.5709, 20.2226, 19.8676, 19.5087, 19.1481, 18.7876, 18.4289, 18.0732, 17.7216, 17.3749, 17.0337, 16.6986, 16.3699, 16.0479, 15.7329, 15.4248, 15.1238, 14.8298
2.47404, 3.1472, 3.97487, 4.96301, 6.10666, 7.38929, 8.78392, 10.2557, 11.7654, 13.2729, 14.7406, 16.1355, 17.4308, 18.6068, 19.6504, 20.5548, 21.3184, 21.9441, 22.4381, 22.8088, 23.0662, 23.2211, 23.2847, 23.2679, 23.1812, 23.0347, 22.8373, 22.5975, 22.3227, 22.0195, 21.6937, 21.3505, 20.9942, 20.6286, 20.2569, 19.8819, 19.5057, 19.1304, 18.7574, 18.3881, 18.0235, 17.6643, 17.3112, 16.9647, 16.6252, 16.293, 15.968, 15.6506, 15.3406, 15.0381
2.63904, 3.3464, 4.21406, 5.24742, 6.44044, 7.77509, 9.2226, 10.7463, 12.3051, 13.8575, 15.3646, 16.7926, 18.1145, 19.3104, 20.3673, 21.2789, 22.0442, 22.6666, 23.1531, 23.5127, 23.756, 23.8945, 23.9398, 23.9034, 23.7963, 23.6286, 23.4098, 23.1486, 22.8524, 22.5282, 22.1819, 21.8186, 21.4429, 21.0585, 20.6687, 20.2762, 19.8833, 19.492, 19.1037, 18.7197, 18.3411, 17.9686, 17.6028, 17.2442, 16.8932, 16.5499, 16.2144, 15.887, 15.5675, 15.2559
2.83009, 3.57565, 4.48778, 5.57118, 6.81856, 8.21014, 9.71518, 11.2949, 12.9064, 14.5065, 16.0551, 17.5176, 18.8666, 20.0821, 21.1516, 22.0691, 22.8344, 23.4516, 23.9282, 24.2742, 24.5009, 24.6203, 24.6448, 24.5862, 24.4559, 24.2646, 24.0221, 23.737, 23.4174, 23.0701, 22.7012, 22.3161, 21.9191, 21.5143, 21.1048, 20.6935, 20.2826, 19.8739, 19.4691, 19.0694, 18.6758, 18.2889, 17.9095, 17.538, 17.1746, 16.8195, 16.4729, 16.1348, 15.8052, 15.484
3.05355, 3.84197, 4.80376, 5.94274, 7.25012, 8.70418, 10.2719, 11.9123, 13.5803, 15.231, 16.8231, 18.3212, 19.6975, 20.9322, 22.0131, 22.9348, 23.6978, 24.3071, 24.7712, 25.1006, 25.3076, 25.4049, 25.4053, 25.3215, 25.1652, 24.9474, 24.6782, 24.3668, 24.0212, 23.6484, 23.2548, 22.8456, 22.4255, 21.9984, 21.5675, 21.1357, 20.7052, 20.2779, 19.8553, 19.4386, 19.0288, 18.6266, 18.2325, 17.8471, 17.4704, 17.1028, 16.7443, 16.3948, 16.0544, 15.7229
3.31787, 4.15457, 5.17204, 6.37297, 7.74681, 9.26956, 10.9057, 12.6116, 14.3402, 16.0445, 17.682, 19.2165, 20.6201, 21.8729, 22.9634, 23.887, 24.6449, 25.2432, 25.6911, 26.0004, 26.184, 26.2554, 26.2282, 26.1155, 25.9296, 25.682, 25.3831, 25.0423, 24.6678, 24.2669, 23.846, 23.4104, 22.9649, 22.5134, 22.0593, 21.6052, 21.1534, 20.7058, 20.2639, 19.8289, 19.4016, 18.9828, 18.5731, 18.1727, 17.7819, 17.4008, 17.0295, 16.6679, 16.316, 15.9735
3.63453, 4.52585, 5.60596, 6.87617, 8.3238, 9.92221, 11.633, 13.4099, 15.2031, 16.9639, 18.6484, 20.2198, 21.6498, 22.9192, 24.0168, 24.939, 25.6881, 26.2713, 26.6988, 26.9835, 27.1392, 27.1803, 27.1211, 26.9753, 26.7559, 26.4746, 26.1423, 25.7685, 25.3619, 24.9298, 24.4786, 24.014, 23.5406, 23.0624, 22.5827, 22.1043, 21.6294, 21.1598, 20.6969, 20.2421, 19.796, 19.3593, 18.9326, 18.5162, 18.1102, 17.7147, 17.3296, 16.9551, 16.5908, 16.2367
4.01939, 4.97269, 6.12351, 7.47138, 9.00107, 10.6829, 12.4752, 14.3285, 16.1906, 18.0106, 19.7433, 21.3512, 22.8062, 24.0893, 25.1905, 26.107, 26.8426, 27.4054, 27.8073, 28.0619, 28.1843, 28.1898, 28.0933, 27.9095, 27.6516, 27.3321, 26.962, 26.5513, 26.1087, 25.6418, 25.1572, 24.6604, 24.1563, 23.6487, 23.141, 22.636, 22.1358, 21.6422, 21.1566, 20.6802, 20.2137, 19.7578, 19.3128, 18.879, 18.4566, 18.0455, 17.6458, 17.2574, 16.8799, 16.5133
4.4949, 5.51864, 6.7494, 8.18444, 9.80546, 11.5792, 13.4602, 15.3957, 17.3305, 19.2117, 20.9929, 22.636, 24.1131, 25.406, 26.5056, 27.4108, 28.1266, 28.6626, 29.032, 29.2498, 29.3322, 29.2955, 29.1556, 28.9277, 28.6257, 28.2626, 27.8497, 27.3974, 26.9144, 26.4087, 25.8868, 25.3543, 24.8161, 24.2761, 23.7377, 23.2034, 22.6756, 22.1558, 21.6454, 21.1455, 20.6569, 20.18, 19.7152, 19.2627, 18.8226, 18.3949, 17.9794, 17.5759, 17.1843, 16.8043
5.09355, 6.19722, 7.51829, 9.0511, 10.7736, 12.6482, 14.6253, 16.6484, 18.6592, 20.6026, 22.431, 24.1063, 25.6009, 26.8976, 27.9888, 28.8749, 29.5625, 30.0633, 30.3917, 30.5643, 30.5985, 30.5117, 30.3208, 30.0416, 29.6888, 29.2757, 28.8141, 28.3146, 27.7862, 27.2368, 26.6731, 26.1009, 25.5249, 24.9491, 24.3767, 23.8103, 23.252, 22.7035, 22.1661, 21.6406, 21.1279, 20.6282, 20.142, 19.6692, 19.21, 18.7642, 18.3317, 17.9121, 17.5053, 17.1109
5.86374, 7.05742, 8.47998, 10.1219, 11.9564, 13.9409, 16.0212, 18.1362, 20.2246, 22.2294, 24.1017, 25.8036, 27.3082, 28.6, 29.673, 30.5295, 31.1784, 31.6329, 31.9095, 32.0263, 32.0021, 31.8555, 31.6043, 31.2652, 30.8534, 30.3827, 29.8653, 29.3121, 28.7321, 28.1336, 27.5231, 26.9064, 26.2883, 25.6726, 25.0626, 24.4607, 23.8689, 23.2889, 22.7217, 22.1683, 21.6292, 21.1048, 20.5952, 20.1005, 19.6205, 19.1552, 18.7043, 18.2674, 17.8442, 17.4343
6.87975, 8.17291, 9.70789, 11.47, 13.4265, 15.5291, 17.7177, 19.9268, 22.0918, 24.1536, 26.0628, 27.7818, 29.2852, 30.5593, 31.6004, 32.4132, 33.0088, 33.4029, 33.6138, 33.6614, 33.566, 33.3475, 33.0247, 32.6149, 32.1343, 31.5969, 31.0154, 30.4006, 29.7621, 29.1078, 28.4445, 27.7779, 27.1126, 26.4525, 25.8006, 25.1593, 24.5306, 23.9158, 23.316, 22.7319, 22.1639, 21.6124, 21.0774, 20.5587, 20.0563, 19.5699, 19.099, 18.6433, 18.2025, 17.7759
8.25983, 9.65812, 11.3136, 13.2043, 15.2902, 17.5155, 19.8137, 22.1146, 24.3498, 26.4588, 28.3919, 30.1126, 31.5975, 32.8354, 33.8253, 34.5749, 35.0981, 35.4129, 35.54, 35.5013, 35.3185, 35.0129, 34.6043, 34.1111, 33.5495, 32.9345, 32.2786, 31.5931, 30.8875, 30.1697, 29.4466, 28.7236, 28.0053, 27.2954, 26.5968, 25.9118, 25.242, 24.5887, 23.9529, 23.335, 22.7354, 22.1542, 21.5913, 21.0466, 20.5197, 20.0102, 19.5177, 19.0418, 18.5818, 18.1373
10.2, 11.6975, 13.4723, 15.4922, 17.707, 20.0517, 22.4526, 24.8338, 27.1237, 29.2605, 31.1951, 32.8927, 34.3327, 35.5071, 36.4185, 37.078, 37.5026, 37.7131, 37.7328, 37.5855, 37.2948, 36.883, 36.3711, 35.778, 35.1209, 34.4146, 33.6721, 32.9048, 32.1219, 31.3315, 30.5401, 29.7532, 28.9751, 28.2092, 27.4582, 26.7243, 26.0088, 25.3128, 24.637, 23.9819, 23.3474, 22.7336, 22.1402, 21.5669, 21.0133, 20.4787, 19.9627, 19.4647, 18.984, 18.52
13.0408, 14.6014, 16.4707, 18.6, 20.9248, 23.3683, 25.8477, 28.2809, 30.5932, 32.7221, 34.6199, 36.2547, 37.6094, 38.6802, 39.4739, 40.0056, 40.2958, 40.3684, 40.2493, 39.9644, 39.5389, 38.9965, 38.359, 37.646, 36.8748, 36.0607, 35.2167, 34.3539, 33.4816, 32.6076, 31.7381, 30.8783, 30.0322, 29.203, 28.3931, 27.6042, 26.8375, 26.094, 25.3738, 24.6773, 24.0043, 23.3546, 22.7276, 22.123, 21.54, 20.9781, 20.4364, 19.9144, 19.4112, 18.926
17.4081, 18.9188, 20.7984, 22.9689, 25.3431, 27.8272, 30.3263, 32.7509, 35.0231, 37.0802, 38.8768, 40.3848, 41.5919, 42.4991, 43.1182, 43.4685, 43.5745, 43.4633, 43.1632, 42.7023, 42.1072, 41.4026, 40.6111, 39.7525, 38.8443, 37.9018, 36.9377, 35.9629, 34.9863, 34.0153, 33.0557, 32.1123, 31.1887, 30.2875, 29.4109, 28.5601, 27.736, 26.9391, 26.1695, 25.427, 24.7112, 24.0217, 23.3577, 22.7185, 22.1034, 21.5114, 20.9417, 20.3934, 19.8656, 19.3575
24.5287, 25.6789, 27.3377, 29.3661, 31.6346, 34.0204, 36.4098, 38.7025, 40.816, 42.687, 44.2731, 45.5505, 46.5123, 47.165, 47.5254, 47.6172, 47.4685, 47.1098, 46.5713, 45.8828, 45.0719, 44.1639, 43.1814, 42.1445, 41.0703, 39.9734, 38.8663, 37.759, 36.6599, 35.5757, 34.5116, 33.4717, 32.4589, 31.4756, 30.523, 29.602, 28.7131, 27.8562, 27.0311, 26.2372, 25.4738, 24.7401, 24.0351, 23.3578, 22.7071, 22.0821, 21.4816, 20.9046, 20.35, 19.8169
