0.185753, 0.245796, 0.319233, 0.40747, 0.511747, 0.633091, 0.772272, 0.929775, 1.10577, 1.30014, 1.51241, 1.74186, 1.98747, 2.24798, 2.52193, 2.80769, 3.10348, 3.40747, 3.71775, 4.0324, 4.34953, 4.66727, 4.98385, 5.29758, 5.60689, 5.91033, 6.20657, 6.49445, 6.77293, 7.04113, 7.2983, 7.54384, 7.77726, 7.99823, 8.2065, 8.40194, 8.58454, 8.75434, 8.91149, 9.05617, 9.18867, 9.30928, 9.41837, 9.51631, 9.60352, 9.68044, 9.74751, 9.80519
0.18663, 0.246946, 0.320711, 0.409336, 0.514067, 0.635932, 0.775703, 0.933863, 1.11059, 1.30574, 1.51887, 1.74922, 1.99578, 2.25729, 2.53227, 2.81909, 3.11596, 3.42104, 3.73242, 4.04815, 4.36635, 4.68515, 5.00277, 5.3175, 5.62777, 5.93213, 6.22926, 6.51797, 6.79723, 7.06615, 7.324, 7.57015, 7.80414, 8.02562, 8.23435, 8.4302, 8.61315, 8.78325, 8.94065, 9.08555, 9.21821, 9.33894, 9.44811, 9.54609, 9.63332, 9.71021, 9.77722, 9.83482
0.187522, 0.248113, 0.322211, 0.411231, 0.516422, 0.638816, 0.779184, 0.938012, 1.11547, 1.31142, 1.52541, 1.75668, 2.00422, 2.26673, 2.54276, 2.83065, 3.12862, 3.4348, 3.74728, 4.06412, 4.38341, 4.70328, 5.02193, 5.33768, 5.64893, 5.95422, 6.25224, 6.54179, 6.82184, 7.0915, 7.35003, 7.59681, 7.83137, 8.05336, 8.26255, 8.45881, 8.64212, 8.81253, 8.97018, 9.11529, 9.24811, 9.36897, 9.47821, 9.57624, 9.66347, 9.74033, 9.80729, 9.8648
0.188427, 0.249298, 0.323733, 0.413154, 0.518812, 0.641742, 0.782717, 0.942221, 1.12043, 1.31719, 1.53205, 1.76426, 2.01277, 2.27631, 2.5534, 2.84237, 3.14145, 3.44875, 3.76235, 4.0803, 4.4007, 4.72165, 5.04136, 5.35813, 5.67037, 5.97661, 6.27552, 6.56592, 6.84677, 7.11717, 7.37639, 7.6238, 7.85894, 8.08145, 8.29111, 8.48778, 8.67144, 8.84216, 9.00008, 9.14539, 9.27838, 9.39936, 9.50868, 9.60675, 9.69399, 9.77082, 9.83772, 9.89513
0.189346, 0.250501, 0.325279, 0.415107, 0.521239, 0.644712, 0.786303, 0.946493, 1.12546, 1.32304, 1.53879, 1.77194, 2.02144, 2.28602, 2.56418, 2.85426, 3.15446, 3.46289, 3.77763, 4.09671, 4.41822, 4.74027, 5.06105, 5.37886, 5.6921, 5.99929, 6.29911, 6.59037, 6.87203, 7.14318, 7.40309, 7.65115, 7.88687, 8.10991, 8.32003, 8.51712, 8.70114, 8.87217, 9.03034, 9.17587, 9.30902, 9.43012, 9.53953, 9.63764, 9.72487, 9.80168, 9.86851, 9.92583
0.190279, 0.251723, 0.326849, 0.417089, 0.523702, 0.647727, 0.789942, 0.950829, 1.13056, 1.32898, 1.54563, 1.77973, 2.03024, 2.29587, 2.57512, 2.86632, 3.16765, 3.47723, 3.79312, 4.11335, 4.43599, 4.75915, 5.08101, 5.39987, 5.71412, 6.02228, 6.32302, 6.61515, 6.89762, 7.16954, 7.43015, 7.67885, 7.91516, 8.13873, 8.34933, 8.54683, 8.73122, 8.90256, 9.06099, 9.20673, 9.34005, 9.46127, 9.57075, 9.6689, 9.75614, 9.83291, 9.89968, 9.9569
0.191227, 0.252964, 0.328444, 0.419102, 0.526203, 0.650788, 0.793637, 0.95523, 1.13574, 1.33501, 1.55256, 1.78763, 2.03917, 2.30587, 2.58622, 2.87855, 3.18103, 3.49178, 3.80883, 4.13022, 4.454, 4.77829, 5.10125, 5.42117, 5.73644, 6.04558, 6.34725, 6.64025, 6.92355, 7.19623, 7.45756, 7.70691, 7.94381, 8.16792, 8.379, 8.57692, 8.76168, 8.93333, 9.09202, 9.23798, 9.37146, 9.4928, 9.60236, 9.70055, 9.78778, 9.86452, 9.93122, 9.98835
0.19219, 0.254224, 0.330063, 0.421146, 0.528743, 0.653896, 0.797387, 0.959698, 1.14099, 1.34112, 1.5596, 1.79566, 2.04823, 2.31601, 2.59748, 2.89095, 3.1946, 3.50653, 3.82476, 4.14732, 4.47227, 4.79769, 5.12176, 5.44276, 5.75906, 6.06919, 6.3718, 6.6657, 6.94983, 7.22329, 7.48533, 7.73534, 7.97285, 8.19749, 8.40905, 8.6074, 8.79253, 8.96449, 9.12345, 9.26962, 9.40326, 9.52472, 9.63436, 9.73258, 9.81982, 9.89652, 9.96315, 10.0202
0.193169, 0.255504, 0.331707, 0.423222, 0.531322, 0.657052, 0.801195, 0.964233, 1.14633, 1.34733, 1.56675, 1.8038, 2.05742, 2.3263, 2.6089, 2.90354, 3.20837, 3.52149, 3.84091, 4.16467, 4.49079, 4.81736, 5.14256, 5.46464, 5.782, 6.09313, 6.39669, 6.69148, 6.97646, 7.2507, 7.51347, 7.76415, 8.00226, 8.22745, 8.43949, 8.63828, 8.82377, 8.99606, 9.15528, 9.30166, 9.43547, 9.55705, 9.66676, 9.76502, 9.85225, 9.92891, 9.99546, 10.0524
0.194163, 0.256805, 0.333378, 0.425331, 0.533941, 0.660257, 0.805062, 0.968838, 1.15175, 1.35363, 1.574, 1.81206, 2.06675, 2.33674, 2.62049, 2.9163, 3.22234, 3.53666, 3.8573, 4.18226, 4.50957, 4.83731, 5.16365, 5.48683, 5.80525, 6.11739, 6.42192, 6.71762, 7.00344, 7.27849, 7.54199, 7.79334, 8.03206, 8.2578, 8.47034, 8.66955, 8.85542, 9.02803, 9.18751, 9.3341, 9.46808, 9.58978, 9.69957, 9.79786, 9.88509, 9.9617, 10.0282, 10.085
0.195173, 0.258127, 0.335075, 0.427473, 0.536601, 0.663512, 0.808989, 0.973514, 1.15725, 1.36003, 1.58136, 1.82045, 2.07622, 2.34733, 2.63225, 2.92926, 3.23651, 3.55206, 3.87392, 4.2001, 4.52862, 4.85755, 5.18503, 5.50934, 5.82882, 6.14199, 6.44749, 6.74411, 7.0308, 7.30664, 7.57089, 7.82292, 8.06225, 8.28855, 8.50158, 8.70123, 8.88748, 9.06041, 9.22016, 9.36697, 9.50111, 9.62293, 9.73279, 9.83111, 9.91833, 9.9949, 10.0613, 10.118
0.1962, 0.25947, 0.3368, 0.42965, 0.539304, 0.666818, 0.812977, 0.978262, 1.16283, 1.36652, 1.58883, 1.82896, 2.08583, 2.35808, 2.64419, 2.94241, 3.25089, 3.56768, 3.89079, 4.21821, 4.54794, 4.87807, 5.20672, 5.53215, 5.85272, 6.16693, 6.47342, 6.77097, 7.05853, 7.33518, 7.60018, 7.85289, 8.09285, 8.31971, 8.53324, 8.73333, 8.91996, 9.09321, 9.25323, 9.40025, 9.53456, 9.6565, 9.76643, 9.86478, 9.95199, 10.0285, 10.0948, 10.1514
0.197244, 0.260835, 0.338552, 0.431861, 0.54205, 0.670177, 0.817028, 0.983085, 1.16851, 1.37312, 1.59642, 1.83761, 2.09558, 2.369, 2.6563, 2.95575, 3.26548, 3.58353, 3.9079, 4.23657, 4.56754, 4.89888, 5.22872, 5.55529, 5.87696, 6.19222, 6.49971, 6.7982, 7.08664, 7.36411, 7.62986, 7.88327, 8.12386, 8.35129, 8.56532, 8.76585, 8.95287, 9.12644, 9.28673, 9.43397, 9.56845, 9.6905, 9.8005, 9.89888, 9.98608, 10.0626, 10.1288, 10.1852
0.198305, 0.262222, 0.340333, 0.434108, 0.54484, 0.673589, 0.821143, 0.987983, 1.17427, 1.37981, 1.60412, 1.84638, 2.10548, 2.38008, 2.66859, 2.96929, 3.28028, 3.59961, 3.92526, 4.2552, 4.58743, 4.91999, 5.25102, 5.57876, 5.90154, 6.21787, 6.52636, 6.82581, 7.11514, 7.39344, 7.65995, 7.91406, 8.15529, 8.38329, 8.59783, 8.79881, 8.98621, 9.16011, 9.32067, 9.46813, 9.60277, 9.72493, 9.83501, 9.93341, 10.0206, 10.097, 10.1632, 10.2195
0.199383, 0.263633, 0.342144, 0.436392, 0.547674, 0.677055, 0.825323, 0.992959, 1.18012, 1.38662, 1.61195, 1.85529, 2.11554, 2.39133, 2.68107, 2.98303, 3.29531, 3.61593, 3.94287, 4.2741, 4.6076, 4.94141, 5.27365, 5.60256, 5.92647, 6.24387, 6.55339, 6.8538, 7.14403, 7.42317, 7.69046, 7.94528, 8.18715, 8.41572, 8.63078, 8.8322, 9.01999, 9.19422, 9.35506, 9.50273, 9.63753, 9.75981, 9.86996, 9.96839, 10.0556, 10.1319, 10.198, 10.2542
0.20048, 0.265066, 0.343984, 0.438713, 0.550556, 0.680578, 0.829571, 0.998015, 1.18606, 1.39353, 1.61989, 1.86434, 2.12575, 2.40275, 2.69374, 2.99698, 3.31056, 3.6325, 3.96075, 4.29328, 4.62807, 4.96314, 5.29661, 5.6267, 5.95176, 6.27025, 6.5808, 6.88218, 7.17332, 7.45331, 7.72138, 7.97692, 8.21943, 8.44859, 8.66417, 8.86605, 9.05423, 9.22879, 9.38989, 9.53778, 9.67275, 9.79515, 9.90536, 10.0038, 10.091, 10.1673, 10.2332, 10.2893
0.201595, 0.266524, 0.345854, 0.441072, 0.553484, 0.684159, 0.833888, 1.00315, 1.1921, 1.40054, 1.62797, 1.87353, 2.13612, 2.41434, 2.70661, 3.01114, 3.32604, 3.64931, 3.9789, 4.31275, 4.64884, 4.98519, 5.3199, 5.6512, 5.97741, 6.297, 6.6086, 6.91097, 7.20303, 7.48388, 7.75274, 8.00899, 8.25217, 8.48191, 8.69801, 8.90035, 9.08892, 9.26381, 9.4252, 9.5733, 9.70844, 9.83094, 9.94122, 10.0397, 10.1268, 10.2031, 10.2689, 10.3249
0.202729, 0.268007, 0.347756, 0.443471, 0.556461, 0.687798, 0.838274, 1.00837, 1.19823, 1.40767, 1.63617, 1.88287, 2.14665, 2.42612, 2.71967, 3.02553, 3.34176, 3.66638, 3.99731, 4.3325, 4.66992, 5.00756, 5.34354, 5.67605, 6.00343, 6.32414, 6.63679, 6.94016, 7.23316, 7.51487, 7.78453, 8.04152, 8.28535, 8.51569, 8.73231, 8.93511, 9.12408, 9.29931, 9.46097, 9.60929, 9.74459, 9.86721, 9.97755, 10.076, 10.1631, 10.2393, 10.3051, 10.3609
0.203882, 0.269514, 0.349691, 0.44591, 0.559487, 0.691497, 0.842733, 1.01368, 1.20447, 1.41492, 1.6445, 1.89235, 2.15734, 2.43808, 2.73294, 3.04013, 3.35772, 3.6837, 4.01601, 4.35256, 4.69131, 5.03026, 5.36752, 5.70126, 6.02983, 6.35167, 6.6654, 6.96977, 7.26371, 7.5463, 7.81677, 8.07449, 8.319, 8.54993, 8.76709, 8.97035, 9.15972, 9.33529, 9.49722, 9.64576, 9.78122, 9.90396, 10.0144, 10.1129, 10.1999, 10.276, 10.3417, 10.3974
0.205056, 0.271048, 0.351658, 0.44839, 0.562564, 0.695257, 0.847265, 1.01907, 1.21081, 1.42228, 1.65296, 1.90199, 2.16821, 2.45023, 2.74641, 3.05496, 3.37393, 3.70129, 4.03499, 4.37291, 4.71302, 5.05331, 5.39185, 5.72685, 6.05661, 6.3796, 6.69441, 6.99981, 7.29471, 7.57818, 7.84946, 8.10793, 8.35311, 8.58465, 8.80234, 9.00607, 9.19584, 9.37175, 9.53396, 9.68272, 9.81835, 9.94119, 10.0517, 10.1502, 10.2372, 10.3132, 10.3788, 10.4343
0.206249, 0.272608, 0.353659, 0.450913, 0.565693, 0.699081, 0.851873, 1.02455, 1.21725, 1.42976, 1.66156, 1.91177, 2.17925, 2.46257, 2.76009, 3.07002, 3.39038, 3.71916, 4.05426, 4.39358, 4.73506, 5.0767, 5.41655, 5.75282, 6.0838, 6.40794, 6.72385, 7.03028, 7.32614, 7.61052, 7.88262, 8.14184, 8.3877, 8.61986, 8.83809, 9.04229, 9.23247, 9.40871, 9.5712, 9.72018, 9.85597, 9.97892, 10.0894, 10.188, 10.275, 10.3509, 10.4164, 10.4717
0.207464, 0.274195, 0.355694, 0.453478, 0.568875, 0.702969, 0.856558, 1.03012, 1.22379, 1.43737, 1.6703, 1.92172, 2.19046, 2.47511, 2.774, 3.08531, 3.4071, 3.7373, 4.07382, 4.41456, 4.75744, 5.10044, 5.44162, 5.77917, 6.11138, 6.4367, 6.75372, 7.06119, 7.35804, 7.64331, 7.91626, 8.17624, 8.42279, 8.65556, 8.87433, 9.07901, 9.26959, 9.44618, 9.60895, 9.75815, 9.8941, 10.0172, 10.1277, 10.2263, 10.3132, 10.3891, 10.4544, 10.5097
0.2087, 0.27581, 0.357765, 0.456088, 0.572112, 0.706924, 0.861322, 1.03579, 1.23045, 1.4451, 1.67919, 1.93183, 2.20186, 2.48784, 2.78812, 3.10085, 3.42407, 3.75572, 4.09369, 4.43587, 4.78016, 5.12454, 5.46707, 5.80592, 6.13938, 6.46588, 6.78403, 7.09256, 7.39039, 7.67659, 7.95037, 8.21112, 8.45837, 8.69176, 8.91108, 9.11624, 9.30723, 9.48416, 9.64721, 9.79664, 9.93274, 10.0559, 10.1665, 10.2651, 10.352, 10.4278, 10.493, 10.5481
0.209959, 0.277453, 0.359872, 0.458744, 0.575405, 0.710946, 0.866168, 1.04155, 1.23721, 1.45296, 1.68822, 1.94211, 2.21345, 2.50079, 2.80247, 3.11664, 3.44132, 3.77444, 4.11387, 4.4575, 4.80323, 5.14902, 5.49291, 5.83307, 6.16779, 6.4955, 6.81479, 7.12439, 7.42322, 7.71034, 7.98498, 8.24651, 8.49446, 8.72847, 8.94835, 9.15399, 9.3454, 9.52268, 9.68601, 9.83565, 9.97192, 10.0952, 10.2059, 10.3044, 10.3913, 10.467, 10.5321, 10.587
0.21124, 0.279126, 0.362017, 0.461446, 0.578755, 0.715038, 0.871096, 1.04741, 1.2441, 1.46095, 1.6974, 1.95255, 2.22522, 2.51394, 2.81705, 3.13268, 3.45884, 3.79345, 4.13437, 4.47948, 4.82666, 5.17387, 5.51914, 5.86064, 6.19664, 6.52557, 6.84601, 7.1567, 7.45654, 7.7446, 8.02009, 8.28241, 8.53106, 8.76572, 8.98615, 9.19228, 9.3841, 9.56173, 9.72534, 9.8752, 10.0116, 10.135, 10.2457, 10.3443, 10.4311, 10.5067, 10.5717, 10.6264
0.212544, 0.280829, 0.364199, 0.464195, 0.582164, 0.719201, 0.876109, 1.05336, 1.25109, 1.46907, 1.70673, 1.96317, 2.23719, 2.52732, 2.83187, 3.14898, 3.47664, 3.81276, 4.15519, 4.5018, 4.85045, 5.1991, 5.54578, 5.88863, 6.22592, 6.55609, 6.87769, 7.18948, 7.49035, 7.77935, 8.05572, 8.31883, 8.5682, 8.80349, 9.02449, 9.23111, 9.42335, 9.60133, 9.76522, 9.9153, 10.0519, 10.1754, 10.2861, 10.3847, 10.4715, 10.547, 10.6118, 10.6664
0.213872, 0.282563, 0.366421, 0.466994, 0.585633, 0.723437, 0.88121, 1.05943, 1.25821, 1.47734, 1.71623, 1.97397, 2.24935, 2.54091, 2.84693, 3.16555, 3.49473, 3.83238, 4.17635, 4.52447, 4.87462, 5.22473, 5.57283, 5.91705, 6.25566, 6.58707, 6.90986, 7.22276, 7.52466, 7.81462, 8.09187, 8.35579, 8.60588, 8.84182, 9.06339, 9.2705, 9.46316, 9.64148, 9.80566, 9.95596, 10.0927, 10.2163, 10.3271, 10.4256, 10.5124, 10.5878, 10.6524, 10.7068
0.215224, 0.284328, 0.368684, 0.469843, 0.589164, 0.727748, 0.886401, 1.0656, 1.26545, 1.48574, 1.72588, 1.98495, 2.26172, 2.55473, 2.86224, 3.18238, 3.51312, 3.85232, 4.19784, 4.54751, 4.89917, 5.25077, 5.6003, 5.94591, 6.28585, 6.61853, 6.94251, 7.25654, 7.55949, 7.85042, 8.12856, 8.39328, 8.64411, 8.8807, 9.10284, 9.31045, 9.50354, 9.68221, 9.84668, 9.99719, 10.1341, 10.2578, 10.3686, 10.4672, 10.5538, 10.6292, 10.6937, 10.7479
0.216602, 0.286126, 0.370987, 0.472744, 0.592758, 0.732136, 0.891683, 1.07187, 1.27282, 1.4943, 1.7357, 1.99611, 2.2743, 2.56878, 2.87781, 3.1995, 3.5318, 3.87259, 4.21969, 4.57091, 4.92412, 5.27721, 5.62821, 5.97522, 6.31651, 6.65047, 6.97567, 7.29083, 7.59484, 7.88676, 8.1658, 8.43134, 8.6829, 8.92015, 9.14287, 9.35098, 9.54449, 9.72352, 9.88827, 10.039, 10.1761, 10.2998, 10.4107, 10.5093, 10.5959, 10.6711, 10.7354, 10.7894
0.218005, 0.287958, 0.373333, 0.475698, 0.596418, 0.736602, 0.897059, 1.07826, 1.28032, 1.503, 1.74569, 2.00747, 2.2871, 2.58306, 2.89364, 3.2169, 3.5508, 3.89319, 4.24188, 4.5947, 4.94946, 5.30408, 5.65655, 6.00499, 6.34765, 6.68291, 7.00934, 7.32565, 7.63073, 7.92364, 8.2036, 8.46996, 8.72227, 8.96018, 9.18349, 9.3921, 9.58604, 9.76543, 9.93046, 10.0814, 10.2186, 10.3425, 10.4534, 10.5519, 10.6385, 10.7136, 10.7778, 10.8316
0.219435, 0.289823, 0.375723, 0.478706, 0.600144, 0.74115, 0.902532, 1.08476, 1.28795, 1.51185, 1.75585, 2.01902, 2.30011, 2.5976, 2.90973, 3.23459, 3.57011, 3.91413, 4.26445, 4.61887, 4.97521, 5.33138, 5.68535, 6.03524, 6.37927, 6.71585, 7.04352, 7.361, 7.66717, 7.96109, 8.24196, 8.50917, 8.76223, 9.00081, 9.2247, 9.43382, 9.6282, 9.80794, 9.97326, 10.1244, 10.2618, 10.3857, 10.4967, 10.5952, 10.6817, 10.7567, 10.8207, 10.8743
0.220892, 0.291724, 0.378157, 0.48177, 0.603939, 0.745781, 0.908104, 1.09138, 1.29571, 1.52086, 1.76619, 2.03078, 2.31335, 2.61237, 2.9261, 3.25258, 3.58974, 3.93541, 4.28738, 4.64343, 5.00139, 5.35912, 5.71461, 6.06596, 6.4114, 6.74932, 7.07825, 7.39691, 7.70418, 7.99911, 8.28091, 8.54896, 8.80278, 9.04204, 9.26652, 9.47616, 9.67097, 9.85107, 10.0167, 10.1681, 10.3056, 10.4296, 10.5406, 10.6391, 10.7255, 10.8003, 10.8642, 10.9176
0.222377, 0.293661, 0.380637, 0.484891, 0.607805, 0.750497, 0.913778, 1.09812, 1.30362, 1.53003, 1.77672, 2.04274, 2.32682, 2.62741, 2.94275, 3.27088, 3.60971, 3.95706, 4.3107, 4.66841, 5.02799, 5.38731, 5.74435, 6.09718, 6.44405, 6.78331, 7.11352, 7.43337, 7.74176, 8.03771, 8.32046, 8.58936, 8.84395, 9.08389, 9.30897, 9.51912, 9.71437, 9.89483, 10.0607, 10.2123, 10.35, 10.4741, 10.5852, 10.6836, 10.7699, 10.8446, 10.9083, 10.9615
0.223891, 0.295636, 0.383165, 0.488071, 0.611742, 0.7553, 0.919556, 1.10498, 1.31167, 1.53936, 1.78743, 2.05491, 2.34052, 2.64271, 2.95969, 3.28949, 3.63001, 3.97906, 4.33441, 4.6938, 5.05503, 5.41597, 5.77457, 6.12891, 6.47721, 6.81784, 7.14934, 7.47041, 7.77992, 8.07692, 8.36062, 8.63038, 8.88575, 9.12637, 9.35206, 9.56273, 9.75841, 9.93924, 10.1054, 10.2572, 10.395, 10.5193, 10.6303, 10.7287, 10.8149, 10.8895, 10.953, 11.006
0.225435, 0.297648, 0.385741, 0.491312, 0.615755, 0.760194, 0.925441, 1.11196, 1.31986, 1.54886, 1.79834, 2.0673, 2.35447, 2.65827, 2.97692, 3.30842, 3.65067, 4.00145, 4.35851, 4.71961, 5.08252, 5.44509, 5.80528, 6.16115, 6.51091, 6.85293, 7.18574, 7.50804, 7.81869, 8.11674, 8.4014, 8.67204, 8.92818, 9.1695, 9.3958, 9.60699, 9.80312, 9.9843, 10.1508, 10.3028, 10.4408, 10.5651, 10.6761, 10.7745, 10.8606, 10.9351, 10.9984, 11.0512
0.227008, 0.2997, 0.388367, 0.494615, 0.619843, 0.76518, 0.931437, 1.11908, 1.32821, 1.55854, 1.80944, 2.07991, 2.36866, 2.67411, 2.99445, 3.32768, 3.67168, 4.02422, 4.38303, 4.74586, 5.11047, 5.47471, 5.8365, 6.19392, 6.54516, 6.88859, 7.22273, 7.54626, 7.85807, 8.15718, 8.44281, 8.71434, 8.97127, 9.21329, 9.4402, 9.65192, 9.84849, 10.03, 10.1968, 10.349, 10.4871, 10.6115, 10.7226, 10.8209, 10.907, 10.9813, 11.0444, 11.0969
0.228614, 0.301793, 0.391044, 0.497983, 0.624011, 0.77026, 0.937546, 1.12633, 1.33671, 1.5684, 1.82074, 2.09276, 2.38312, 2.69024, 3.01229, 3.34728, 3.69305, 4.04738, 4.40797, 4.77256, 5.1389, 5.50482, 5.86824, 6.22723, 6.57998, 6.92483, 7.26031, 7.5851, 7.89807, 8.19826, 8.48488, 8.75729, 9.01503, 9.25776, 9.48529, 9.69754, 9.89455, 10.0765, 10.2435, 10.396, 10.5342, 10.6586, 10.7698, 10.868, 10.954, 11.0281, 11.0911, 11.1433
0.230251, 0.303927, 0.393774, 0.501416, 0.628259, 0.775439, 0.943772, 1.13372, 1.34537, 1.57844, 1.83226, 2.10583, 2.39783, 2.70665, 3.03046, 3.36723, 3.71481, 4.07094, 4.43334, 4.79971, 5.1678, 5.53543, 5.90052, 6.2611, 6.61537, 6.96166, 7.2985, 7.62457, 7.93872, 8.24, 8.52762, 8.80093, 9.05947, 9.30292, 9.53106, 9.74385, 9.94131, 10.1236, 10.2909, 10.4436, 10.582, 10.7065, 10.8176, 10.9158, 11.0016, 11.0757, 11.1384, 11.1904
0.231922, 0.306104, 0.396559, 0.504916, 0.63259, 0.780718, 0.950117, 1.14125, 1.35419, 1.58866, 1.84399, 2.11915, 2.41281, 2.72336, 3.04895, 3.38753, 3.73694, 4.09492, 4.45915, 4.82734, 5.19721, 5.56657, 5.93334, 6.29553, 6.65134, 6.9991, 7.33732, 7.66468, 7.98003, 8.28241, 8.57103, 8.84526, 9.10461, 9.34878, 9.57755, 9.79087, 9.98879, 10.1714, 10.339, 10.4919, 10.6304, 10.755, 10.8661, 10.9643, 11.05, 11.1239, 11.1864, 11.2382
0.233627, 0.308325, 0.399399, 0.508487, 0.637007, 0.7861, 0.956585, 1.14892, 1.36319, 1.59908, 1.85593, 2.13271, 2.42807, 2.74037, 3.06777, 3.4082, 3.75947, 4.11932, 4.48542, 4.85544, 5.22712, 5.59824, 5.96671, 6.33055, 6.68792, 7.03717, 7.37678, 7.70544, 8.02201, 8.32551, 8.61514, 8.89029, 9.15047, 9.39536, 9.62477, 9.83863, 10.037, 10.22, 10.3879, 10.541, 10.6796, 10.8043, 10.9154, 11.0135, 11.0991, 11.1728, 11.2351, 11.2866
0.235367, 0.310592, 0.402298, 0.512129, 0.641511, 0.791589, 0.96318, 1.15674, 1.37235, 1.6097, 1.86811, 2.14653, 2.44361, 2.7577, 3.08694, 3.42924, 3.78241, 4.14416, 4.51214, 4.88404, 5.25755, 5.63046, 6.00066, 6.36616, 6.72512, 7.07587, 7.4169, 7.74689, 8.06468, 8.3693, 8.65997, 8.93605, 9.19706, 9.44268, 9.67273, 9.88713, 10.086, 10.2693, 10.4375, 10.5908, 10.7296, 10.8543, 10.9654, 11.0634, 11.1489, 11.2224, 11.2845, 11.3357
0.237144, 0.312905, 0.405255, 0.515845, 0.646106, 0.797186, 0.969904, 1.16472, 1.38169, 1.62052, 1.88051, 2.16061, 2.45944, 2.77535, 3.10646, 3.45067, 3.80576, 4.16944, 4.53935, 4.91314, 5.28852, 5.66325, 6.0352, 6.40238, 6.76295, 7.11523, 7.45769, 7.78902, 8.10805, 8.41382, 8.70553, 8.98254, 9.24439, 9.49075, 9.72144, 9.9364, 10.1357, 10.3194, 10.4879, 10.6414, 10.7803, 10.9051, 11.0162, 11.1141, 11.1995, 11.2728, 11.3346, 11.3856
0.238958, 0.315267, 0.408274, 0.519638, 0.650795, 0.802897, 0.976763, 1.17285, 1.39122, 1.63155, 1.89315, 2.17495, 2.47557, 2.79334, 3.12634, 3.47249, 3.82954, 4.19518, 4.56704, 4.94277, 5.32003, 5.6966, 6.07034, 6.43923, 6.80143, 7.15525, 7.49917, 7.83185, 8.15214, 8.45907, 8.75183, 9.0298, 9.29249, 9.5396, 9.77094, 9.98644, 10.1862, 10.3703, 10.539, 10.6927, 10.8318, 10.9566, 11.0677, 11.1656, 11.2508, 11.3239, 11.3855, 11.4361
0.240811, 0.317679, 0.411355, 0.523508, 0.655579, 0.808723, 0.98376, 1.18114, 1.40093, 1.6428, 1.90604, 2.18958, 2.49201, 2.81166, 3.14659, 3.49471, 3.85376, 4.22139, 4.59524, 4.97292, 5.35211, 5.73055, 6.10609, 6.47672, 6.84058, 7.19596, 7.54136, 7.87541, 8.19698, 8.50507, 8.7989, 9.07782, 9.34138, 9.58924, 9.82123, 10.0373, 10.2375, 10.422, 10.591, 10.7449, 10.8841, 11.0089, 11.12, 11.2178, 11.3029, 11.3758, 11.4371, 11.4875
0.242703, 0.320142, 0.414502, 0.52746, 0.660462, 0.814668, 0.990898, 1.1896, 1.41084, 1.65427, 1.91918, 2.20448, 2.50876, 2.83033, 3.16723, 3.51735, 3.87842, 4.24809, 4.62395, 5.00362, 5.38476, 5.7651, 6.14248, 6.51487, 6.8804, 7.23738, 7.58426, 7.91972, 8.24257, 8.55185, 8.84675, 9.12665, 9.39106, 9.63968, 9.87233, 10.0889, 10.2896, 10.4745, 10.6438, 10.7979, 10.9371, 11.0621, 11.1731, 11.2708, 11.3557, 11.4284, 11.4895, 11.5396
0.244636, 0.322658, 0.417716, 0.531495, 0.665448, 0.820737, 0.998183, 1.19823, 1.42095, 1.66597, 1.93258, 2.21968, 2.52584, 2.84935, 3.18826, 3.54042, 3.90355, 4.27528, 4.65319, 5.03489, 5.41801, 5.80027, 6.17951, 6.55369, 6.92093, 7.27952, 7.62792, 7.96478, 8.28894, 8.59942, 8.89541, 9.17628, 9.44157, 9.69095, 9.92426, 10.1414, 10.3426, 10.5278, 10.6974, 10.8517, 10.9911, 11.116, 11.227, 11.3246, 11.4094, 11.4819, 11.5427, 11.5924
0.246612, 0.325228, 0.420998, 0.535615, 0.670538, 0.826931, 1.00562, 1.20704, 1.43126, 1.6779, 1.94625, 2.23518, 2.54326, 2.86875, 3.2097, 3.56393, 3.92915, 4.30298, 4.68297, 5.06673, 5.45186, 5.83608, 6.21721, 6.59321, 6.96217, 7.32239, 7.67233, 8.01062, 8.3361, 8.64779, 8.94488, 9.22675, 9.49292, 9.74307, 9.97705, 10.1948, 10.3964, 10.582, 10.7518, 10.9063, 11.0458, 11.1708, 11.2818, 11.3793, 11.4639, 11.5361, 11.5967, 11.6461
0.248632, 0.327855, 0.424352, 0.539824, 0.675737, 0.833257, 1.01321, 1.21603, 1.44178, 1.69008, 1.96019, 2.25098, 2.56101, 2.88853, 3.23155, 3.58789, 3.95524, 4.3312, 4.71331, 5.09915, 5.48633, 5.87255, 6.2556, 6.63343, 7.00415, 7.36603, 7.71752, 8.05726, 8.38408, 8.69699, 8.9952, 9.27807, 9.54512, 9.79606, 10.0307, 10.249, 10.4511, 10.637, 10.8072, 10.9618, 11.1015, 11.2265, 11.3374, 11.4348, 11.5192, 11.5912, 11.6515, 11.7005
0.250697, 0.33054, 0.42778, 0.544125, 0.681047, 0.839717, 1.02096, 1.22521, 1.45252, 1.7025, 1.97441, 2.26711, 2.57912, 2.9087, 3.25383, 3.61232, 3.98184, 4.35996, 4.74423, 5.13219, 5.52145, 5.90968, 6.29468, 6.67438, 7.04688, 7.41044, 7.7635, 8.10471, 8.43289, 8.74705, 9.04638, 9.33026, 9.59821, 9.84994, 10.0853, 10.3041, 10.5067, 10.693, 10.8634, 11.0183, 11.158, 11.283, 11.3939, 11.4912, 11.5754, 11.6472, 11.7071, 11.7558
0.252808, 0.333285, 0.431283, 0.54852, 0.686472, 0.846316, 1.02887, 1.23459, 1.46348, 1.71519, 1.98893, 2.28356, 2.5976, 2.92927, 3.27655, 3.63722, 4.00894, 4.38927, 4.77573, 5.16585, 5.55722, 5.94751, 6.33448, 6.71608, 7.09039, 7.45565, 7.81031, 8.15301, 8.48256, 8.79798, 9.09845, 9.38335, 9.65221, 9.90472, 10.1407, 10.3602, 10.5632, 10.7499, 10.9206, 11.0756, 11.2154, 11.3405, 11.4513, 11.5484, 11.6324, 11.704, 11.7636, 11.812
0.254968, 0.336092, 0.434865, 0.553012, 0.692017, 0.853058, 1.03696, 1.24416, 1.47468, 1.72813, 2.00374, 2.30035, 2.61645, 2.95025, 3.29972, 3.66262, 4.03658, 4.41915, 4.80784, 5.20015, 5.59367, 5.98604, 6.37503, 6.75855, 7.13469, 7.50168, 7.85796, 8.20217, 8.53311, 8.84979, 9.15142, 9.43735, 9.70713, 9.96044, 10.1971, 10.4172, 10.6206, 10.8077, 10.9786, 11.1339, 11.2738, 11.3988, 11.5096, 11.6066, 11.6904, 11.7617, 11.821, 11.869
0.257178, 0.338964, 0.438527, 0.557605, 0.697684, 0.859948, 1.04522, 1.25393, 1.48611, 1.74135, 2.01887, 2.31748, 2.63568, 2.97166, 3.32335, 3.68852, 4.06476, 4.44962, 4.84057, 5.23512, 5.63081, 6.0253, 6.41633, 6.80181, 7.1798, 7.54855, 7.90648, 8.25221, 8.58456, 8.90253, 9.20532, 9.4923, 9.76299, 10.0171, 10.2545, 10.4751, 10.679, 10.8665, 11.0377, 11.1931, 11.3331, 11.4581, 11.5688, 11.6657, 11.7493, 11.8203, 11.8793, 11.9269
0.259439, 0.341901, 0.442274, 0.562301, 0.703479, 0.866991, 1.05366, 1.26392, 1.49779, 1.75485, 2.03431, 2.33497, 2.65531, 2.9935, 3.34747, 3.71494, 4.09351, 4.48068, 4.87394, 5.27076, 5.66867, 6.06531, 6.45841, 6.84588, 7.22576, 7.59628, 7.95588, 8.30315, 8.63693, 8.95621, 9.26018, 9.54821, 9.81984, 10.0748, 10.3128, 10.534, 10.7384, 10.9262, 11.0977, 11.2533, 11.3934, 11.5184, 11.629, 11.7257, 11.8091, 11.8798, 11.9385, 11.9857
0.261754, 0.344908, 0.446107, 0.567105, 0.709404, 0.874191, 1.06229, 1.27413, 1.50972, 1.76864, 2.05008, 2.35283, 2.67536, 3.0158, 3.37208, 3.74189, 4.12283, 4.51237, 4.90797, 5.30709, 5.70726, 6.10609, 6.5013, 6.89078, 7.27257, 7.6449, 8.00618, 8.35503, 8.69025, 9.01085, 9.31601, 9.6051, 9.87767, 10.1334, 10.3722, 10.594, 10.7988, 10.987, 11.1587, 11.3145, 11.4546, 11.5797, 11.6902, 11.7867, 11.8699, 11.9403, 11.9986, 12.0454
0.264124, 0.347985, 0.45003, 0.57202, 0.715465, 0.881554, 1.07111, 1.28457, 1.52191, 1.78273, 2.06619, 2.37108, 2.69582, 3.03856, 3.39719, 3.7694, 4.15275, 4.54469, 4.94267, 5.34414, 5.74661, 6.14765, 6.54501, 6.93654, 7.32027, 7.69443, 8.05743, 8.40787, 8.74455, 9.06648, 9.37284, 9.66302, 9.93654, 10.1931, 10.4326, 10.6549, 10.8603, 11.0488, 11.2208, 11.3767, 11.5169, 11.642, 11.7524, 11.8487, 11.9316, 12.0018, 12.0597, 12.1061
0.266552, 0.351136, 0.454045, 0.57705, 0.721665, 0.889086, 1.08014, 1.29524, 1.53438, 1.79713, 2.08265, 2.38971, 2.71672, 3.06181, 3.42284, 3.79748, 4.18327, 4.57767, 4.97808, 5.38194, 5.78673, 6.19004, 6.58957, 6.98317, 7.36888, 7.7449, 8.10963, 8.46168, 8.79985, 9.12313, 9.43071, 9.72197, 9.99645, 10.2538, 10.494, 10.717, 10.9228, 11.1117, 11.2839, 11.44, 11.5803, 11.7053, 11.8156, 11.9117, 11.9944, 12.0642, 12.1217, 12.1677
0.269038, 0.354363, 0.458156, 0.582199, 0.728011, 0.896791, 1.08936, 1.30614, 1.54712, 1.81185, 2.09947, 2.40875, 2.73807, 3.08555, 3.44902, 3.82614, 4.21444, 4.61132, 5.0142, 5.42049, 5.82765, 6.23325, 6.63499, 7.03071, 7.41842, 7.79633, 8.16282, 8.5165, 8.85617, 9.18082, 9.48963, 9.78199, 10.0574, 10.3157, 10.5566, 10.7801, 10.9864, 11.1756, 11.3481, 11.5043, 11.6447, 11.7696, 11.8798, 11.9758, 12.0582, 12.1277, 12.1848, 12.2303
0.271586, 0.357669, 0.462367, 0.58747, 0.734506, 0.904677, 1.09881, 1.3173, 1.56015, 1.8269, 2.11667, 2.4282, 2.75988, 3.10979, 3.47576, 3.85541, 4.24625, 4.64567, 5.05106, 5.45982, 5.86939, 6.27733, 6.68132, 7.07918, 7.46892, 7.84874, 8.21702, 8.57236, 8.91355, 9.23958, 9.54964, 9.84311, 10.1195, 10.3786, 10.6202, 10.8443, 11.0511, 11.2407, 11.4135, 11.5698, 11.7102, 11.8351, 11.9452, 12.0409, 12.1231, 12.1922, 12.2489, 12.294
0.274198, 0.361056, 0.46668, 0.592869, 0.741157, 0.912749, 1.10847, 1.32872, 1.57348, 1.84228, 2.13425, 2.44809, 2.78217, 3.13457, 3.50307, 3.8853, 4.27873, 4.68074, 5.08869, 5.49996, 5.91198, 6.3223, 6.72857, 7.12861, 7.52041, 7.90217, 8.27227, 8.62928, 8.97201, 9.29944, 9.61076, 9.90535, 10.1828, 10.4427, 10.685, 10.9097, 11.1169, 11.3069, 11.4799, 11.6364, 11.7768, 11.9017, 12.0116, 12.1072, 12.189, 12.2577, 12.3141, 12.3586
0.276876, 0.364528, 0.4711, 0.5984, 0.747968, 0.921013, 1.11836, 1.3404, 1.58712, 1.85802, 2.15222, 2.46842, 2.80496, 3.15988, 3.53098, 3.91583, 4.3119, 4.71654, 5.1271, 5.54093, 5.95545, 6.36817, 6.77676, 7.17902, 7.57292, 7.95665, 8.32858, 8.6873, 9.03158, 9.36043, 9.67303, 9.96875, 10.2471, 10.5079, 10.751, 10.9763, 11.184, 11.3743, 11.5475, 11.7041, 11.8446, 11.9694, 12.0792, 12.1745, 12.256, 12.3244, 12.3803, 12.4244
0.279622, 0.368088, 0.47563, 0.604067, 0.754946, 0.929477, 1.12848, 1.35236, 1.60107, 1.87413, 2.17061, 2.48921, 2.82825, 3.18576, 3.5595, 3.94703, 4.34578, 4.75311, 5.16632, 5.58275, 5.99981, 6.41499, 6.82594, 7.23044, 7.62647, 8.0122, 8.386, 8.74644, 9.09231, 9.42259, 9.73647, 10.0333, 10.3127, 10.5744, 10.8181, 11.044, 11.2522, 11.4428, 11.6163, 11.7731, 11.9135, 12.0383, 12.1479, 12.243, 12.3242, 12.3922, 12.4476, 12.4912
0.28244, 0.371739, 0.480275, 0.609876, 0.762096, 0.938148, 1.13885, 1.36461, 1.61536, 1.89061, 2.18942, 2.51048, 2.85208, 3.21222, 3.58865, 3.97891, 4.38041, 4.79046, 5.20637, 5.62545, 6.04509, 6.46278, 6.87612, 7.28291, 7.6811, 8.06886, 8.44455, 8.80674, 9.1542, 9.48594, 9.80112, 10.0991, 10.3795, 10.6421, 10.8865, 11.113, 11.3217, 11.5127, 11.6864, 11.8432, 11.9837, 12.1084, 12.2178, 12.3126, 12.3935, 12.4611, 12.5161, 12.5591
0.285331, 0.375485, 0.485039, 0.615832, 0.769425, 0.947033, 1.14948, 1.37715, 1.62998, 1.90747, 2.20867, 2.53223, 2.87644, 3.23928, 3.61845, 4.0115, 4.41579, 4.82862, 5.24729, 5.66907, 6.09134, 6.51156, 6.92734, 7.33645, 7.73684, 8.12666, 8.50426, 8.86822, 9.21731, 9.55051, 9.86702, 10.1662, 10.4476, 10.711, 10.9562, 11.1833, 11.3924, 11.5837, 11.7577, 11.9146, 12.0551, 12.1797, 12.289, 12.3835, 12.464, 12.5312, 12.5857, 12.6282
0.2883, 0.379329, 0.489927, 0.621941, 0.776939, 0.956141, 1.16037, 1.39, 1.64496, 1.92475, 2.22838, 2.5545, 2.90137, 3.26695, 3.64893, 4.04481, 4.45195, 4.86762, 5.28909, 5.71362, 6.13856, 6.56137, 6.97963, 7.3911, 7.79372, 8.18563, 8.56518, 8.93094, 9.28167, 9.61636, 9.93419, 10.2346, 10.517, 10.7813, 11.0272, 11.2549, 11.4644, 11.6561, 11.8303, 11.9873, 12.1278, 12.2523, 12.3613, 12.4556, 12.5358, 12.6025, 12.6565, 12.6984
0.291348, 0.383275, 0.494942, 0.628208, 0.784646, 0.965478, 1.17152, 1.40316, 1.66031, 1.94243, 2.24856, 2.57729, 2.92688, 3.29527, 3.68011, 4.07888, 4.48892, 4.90749, 5.33181, 5.75914, 6.1868, 6.61224, 7.03302, 7.44688, 7.85177, 8.24581, 8.62733, 8.99491, 9.3473, 9.6835, 10.0027, 10.3042, 10.5877, 10.8528, 11.0995, 11.3278, 11.5378, 11.7298, 11.9042, 12.0613, 12.2018, 12.3262, 12.435, 12.529, 12.6088, 12.675, 12.7285, 12.7699
0.294479, 0.387327, 0.500091, 0.634639, 0.792552, 0.975055, 1.18297, 1.41665, 1.67603, 1.96055, 2.26922, 2.60063, 2.953, 3.32424, 3.712, 4.11373, 4.52673, 4.94824, 5.37547, 5.80565, 6.23609, 6.6642, 7.08754, 7.50385, 7.91104, 8.30723, 8.69076, 9.06018, 9.41426, 9.75197, 10.0725, 10.3753, 10.6598, 10.9258, 11.1732, 11.4021, 11.6126, 11.8049, 11.9794, 12.1367, 12.2771, 12.4014, 12.51, 12.6036, 12.683, 12.7488, 12.8018, 12.8425
0.297697, 0.39149, 0.505379, 0.641241, 0.800666, 0.98488, 1.1947, 1.43049, 1.69215, 1.97912, 2.29039, 2.62453, 2.97974, 3.3539, 3.74464, 4.14938, 4.56541, 4.98992, 5.42012, 5.8532, 6.28646, 6.71729, 7.14324, 7.56202, 7.97155, 8.36993, 8.75549, 9.12679, 9.48257, 9.82183, 10.1437, 10.4477, 10.7333, 11.0002, 11.2484, 11.4778, 11.6887, 11.8814, 12.0561, 12.2134, 12.3538, 12.4779, 12.5863, 12.6796, 12.7586, 12.8239, 12.8763, 12.9164
0.301004, 0.395768, 0.51081, 0.648021, 0.808995, 0.994963, 1.20674, 1.44468, 1.70868, 1.99816, 2.31208, 2.64901, 3.00712, 3.38427, 3.77805, 4.18587, 4.60497, 5.03255, 5.46577, 5.90181, 6.33794, 6.77154, 7.20015, 7.62145, 8.03335, 8.43396, 8.82158, 9.19477, 9.55228, 9.8931, 10.2164, 10.5216, 10.8082, 11.076, 11.3249, 11.555, 11.7663, 11.9593, 12.1342, 12.2916, 12.432, 12.5559, 12.664, 12.757, 12.8355, 12.9003, 12.9521, 12.9916
0.304406, 0.400165, 0.516391, 0.654985, 0.817548, 1.00531, 1.21909, 1.45924, 1.72563, 2.01767, 2.33432, 2.6741, 3.03517, 3.41537, 3.81226, 4.22321, 4.64546, 5.07617, 5.51246, 5.95152, 6.39058, 6.827, 7.2583, 7.68217, 8.09648, 8.49934, 8.88906, 9.26417, 9.62344, 9.96583, 10.2905, 10.5969, 10.8846, 11.1534, 11.403, 11.6336, 11.8454, 12.0387, 12.2138, 12.3712, 12.5115, 12.6353, 12.7431, 12.8357, 12.9138, 12.9781, 13.0293, 13.0681
0.307905, 0.404687, 0.522129, 0.662142, 0.826335, 1.01594, 1.23177, 1.47417, 1.74301, 2.03768, 2.35711, 2.69982, 3.06392, 3.44723, 3.84729, 4.26145, 4.68691, 5.1208, 5.56024, 6.00236, 6.4444, 6.8837, 7.31774, 7.74421, 8.16098, 8.56614, 8.95798, 9.33504, 9.69607, 10.0401, 10.3662, 10.6738, 10.9626, 11.2322, 11.4826, 11.7138, 11.9261, 12.1196, 12.2949, 12.4524, 12.5926, 12.7161, 12.8237, 12.9159, 12.9936, 13.0573, 13.1079, 13.146
0.311506, 0.409339, 0.528029, 0.669499, 0.835364, 1.02686, 1.2448, 1.48951, 1.76086, 2.05822, 2.38049, 2.72618, 3.09338, 3.47988, 3.88318, 4.30062, 4.72935, 5.16649, 5.60913, 6.05439, 6.49946, 6.94168, 7.37852, 7.80764, 8.2269, 8.63438, 9.02837, 9.40741, 9.77024, 10.1158, 10.4434, 10.7523, 11.0422, 11.3127, 11.5638, 11.7956, 12.0083, 12.2022, 12.3776, 12.5351, 12.6752, 12.7985, 12.9058, 12.9976, 13.0747, 13.1379, 13.1878, 13.2253
0.315213, 0.414126, 0.534099, 0.677064, 0.844645, 1.03808, 1.25818, 1.50526, 1.77918, 2.07929, 2.40448, 2.75322, 3.12359, 3.51334, 3.91996, 4.34073, 4.77281, 5.21327, 5.65918, 6.10762, 6.55579, 7.00098, 7.44066, 7.87248, 8.29427, 8.70412, 9.1003, 9.48134, 9.84599, 10.1932, 10.5222, 10.8324, 11.1233, 11.3948, 11.6467, 11.879, 12.0921, 12.2863, 12.4618, 12.6193, 12.7593, 12.8825, 12.9894, 13.0808, 13.1574, 13.22, 13.2693, 13.306
0.319031, 0.419055, 0.540345, 0.684847, 0.85419, 1.04961, 1.27192, 1.52144, 1.79799, 2.10092, 2.4291, 2.78097, 3.15458, 3.54766, 3.95766, 4.38185, 4.81734, 5.26118, 5.71042, 6.16212, 6.61343, 7.06166, 7.50423, 7.93879, 8.36316, 8.7754, 9.1738, 9.55687, 9.92336, 10.2723, 10.6027, 10.9142, 11.2062, 11.4785, 11.7312, 11.9641, 12.1777, 12.3721, 12.5478, 12.7053, 12.8451, 12.968, 13.0746, 13.1656, 13.2416, 13.3036, 13.3522, 13.3881
0.322966, 0.424131, 0.546776, 0.692856, 0.864009, 1.06148, 1.28605, 1.53806, 1.81731, 2.12313, 2.45437, 2.80944, 3.18636, 3.58285, 3.99631, 4.42398, 4.86296, 5.31026, 5.7629, 6.21791, 6.67244, 7.12375, 7.56927, 8.00661, 8.4336, 8.84828, 9.24893, 9.63406, 10.0024, 10.353, 10.6849, 10.9977, 11.2908, 11.564, 11.8174, 12.0509, 12.2649, 12.4595, 12.6354, 12.7928, 12.9326, 13.0552, 13.1614, 13.2519, 13.3274, 13.3887, 13.4366, 13.4718
0.327021, 0.429361, 0.553399, 0.701102, 0.874113, 1.07368, 1.30059, 1.55515, 1.83717, 2.14595, 2.48032, 2.83866, 3.21898, 3.61895, 4.03595, 4.46719, 4.90973, 5.36056, 5.81666, 6.27505, 6.73286, 7.18731, 7.63583, 8.076, 8.50565, 8.92281, 9.32574, 9.71296, 10.0832, 10.4355, 10.7689, 11.0829, 11.3771, 11.6513, 11.9054, 12.1395, 12.3539, 12.5488, 12.7247, 12.8822, 13.0217, 13.1441, 13.2499, 13.3399, 13.4148, 13.4755, 13.5226, 13.557
0.331204, 0.434753, 0.560224, 0.709595, 0.884516, 1.08623, 1.31554, 1.57272, 1.85758, 2.1694, 2.50697, 2.86868, 3.25247, 3.656, 4.07662, 4.5115, 4.95768, 5.41211, 5.87175, 6.33359, 6.79473, 7.25239, 7.70396, 8.14702, 8.57937, 8.99904, 9.40429, 9.79363, 10.1658, 10.5197, 10.8547, 11.17, 11.4653, 11.7405, 11.9953, 12.23, 12.4447, 12.6399, 12.8159, 12.9733, 13.1126, 13.2347, 13.3401, 13.4296, 13.5039, 13.5639, 13.6102, 13.6437
0.335519, 0.440313, 0.567259, 0.718346, 0.895231, 1.09916, 1.33092, 1.5908, 1.87857, 2.1935, 2.53437, 2.89951, 3.28686, 3.69403, 4.11835, 4.55696, 5.00685, 5.46496, 5.92821, 6.39358, 6.85812, 7.31904, 7.77371, 8.21971, 8.65481, 9.07703, 9.48463, 9.87612, 10.2502, 10.6059, 10.9424, 11.259, 11.5554, 11.8315, 12.0871, 12.3223, 12.5374, 12.7328, 12.9089, 13.0662, 13.2054, 13.3271, 13.4321, 13.521, 13.5947, 13.6539, 13.6995, 13.7321
0.339973, 0.44605, 0.574513, 0.727366, 0.906271, 1.11248, 1.34676, 1.60941, 1.90016, 2.21829, 2.56252, 2.93119, 3.32218, 3.73309, 4.16119, 4.60361, 5.0573, 5.51917, 5.98611, 6.45506, 6.92307, 7.38732, 7.84515, 8.29413, 8.73203, 9.15685, 9.56684, 9.96049, 10.3365, 10.694, 11.032, 11.3499, 11.6475, 11.9245, 12.1808, 12.4165, 12.632, 12.8276, 13.0038, 13.161, 13.3, 13.4213, 13.5258, 13.6142, 13.6873, 13.7457, 13.7904, 13.8222
0.344573, 0.451972, 0.581999, 0.736669, 0.917651, 1.1262, 1.36308, 1.62856, 1.92239, 2.24378, 2.59148, 2.96376, 3.35848, 3.77321, 4.20519, 4.6515, 5.10908, 5.57478, 6.04549, 6.5181, 6.98965, 7.45728, 7.91834, 8.37035, 8.81109, 9.23855, 9.65096, 10.0468, 10.4249, 10.784, 11.1236, 11.4429, 11.7416, 12.0195, 12.2765, 12.5128, 12.7287, 12.9244, 13.1006, 13.2578, 13.3965, 13.5175, 13.6215, 13.7093, 13.7816, 13.8393, 13.8832, 13.914
0.349326, 0.458087, 0.589725, 0.746267, 0.929388, 1.14034, 1.37989, 1.64829, 1.94527, 2.27003, 2.62127, 2.99725, 3.3958, 3.81443, 4.25038, 4.70068, 5.16223, 5.63186, 6.1064, 6.58276, 7.05791, 7.529, 7.99333, 8.44844, 8.89207, 9.3222, 9.73707, 10.1352, 10.5152, 10.8762, 11.2173, 11.5379, 11.8377, 12.1165, 12.3743, 12.6111, 12.8273, 13.0233, 13.1995, 13.3565, 13.495, 13.6156, 13.7191, 13.8062, 13.8778, 13.9347, 13.9777, 14.0075
0.354239, 0.464406, 0.597704, 0.756174, 0.941497, 1.15492, 1.39721, 1.66861, 1.96883, 2.29704, 2.65193, 3.0317, 3.43417, 3.85682, 4.29683, 4.7512, 5.21681, 5.69044, 6.16892, 6.64909, 7.12792, 7.60252, 8.0702, 8.52845, 8.97502, 9.40787, 9.82523, 10.2256, 10.6077, 10.9704, 11.3131, 11.6351, 11.936, 12.2158, 12.4742, 12.7116, 12.9281, 13.1243, 13.3005, 13.4573, 13.5955, 13.7157, 13.8186, 13.9051, 13.976, 14.032, 14.074, 14.1029
0.359321, 0.470938, 0.605949, 0.766406, 0.953996, 1.16997, 1.41508, 1.68957, 1.99311, 2.32487, 2.68349, 3.06715, 3.47365, 3.9004, 4.34457, 4.80312, 5.27287, 5.75061, 6.23309, 6.71716, 7.19974, 7.67794, 8.14902, 8.61047, 9.06002, 9.49563, 9.91552, 10.3182, 10.7023, 11.0669, 11.4112, 11.7345, 12.0366, 12.3172, 12.5764, 12.8143, 13.0311, 13.2274, 13.4036, 13.5603, 13.6981, 13.8178, 13.9202, 14.006, 14.0761, 14.1312, 14.1723, 14.2001
0.364581, 0.477694, 0.614472, 0.776977, 0.966904, 1.1855, 1.43352, 1.71118, 2.01814, 2.35354, 2.71599, 3.10366, 3.51427, 3.94523, 4.39366, 4.85648, 5.33049, 5.81241, 6.29899, 6.78704, 7.27345, 7.7553, 8.22985, 8.69456, 9.14715, 9.58556, 10.008, 10.413, 10.7992, 11.1656, 11.5115, 11.8362, 12.1394, 12.421, 12.6808, 12.9192, 13.1364, 13.3328, 13.5089, 13.6654, 13.8029, 13.9221, 14.0239, 14.109, 14.1782, 14.2325, 14.2725, 14.2992
0.370026, 0.484686, 0.623287, 0.787906, 0.980241, 1.20154, 1.45255, 1.73347, 2.04395, 2.38309, 2.74949, 3.14125, 3.5561, 3.99137, 4.44417, 4.91136, 5.38971, 5.87592, 6.36669, 6.85879, 7.34911, 7.8347, 8.31277, 8.7808, 9.23648, 9.67774, 10.1028, 10.5101, 10.8985, 11.2667, 11.6142, 11.9403, 12.2446, 12.5271, 12.7876, 13.0265, 13.244, 13.4405, 13.6165, 13.7728, 13.9099, 14.0286, 14.1297, 14.2141, 14.2825, 14.3357, 14.3748, 14.4004
0.375668, 0.491925, 0.63241, 0.799209, 0.994028, 1.21812, 1.4722, 1.75648, 2.07058, 2.41357, 2.78401, 3.17999, 3.59917, 4.03887, 4.49614, 4.96782, 5.45062, 5.94121, 6.43626, 6.93251, 7.42682, 7.9162, 8.39788, 8.86928, 9.3281, 9.77226, 10.2, 10.6097, 11.0001, 11.3703, 11.7194, 12.0468, 12.3523, 12.6356, 12.8969, 13.1362, 13.354, 13.5505, 13.7265, 13.8825, 14.0192, 14.1374, 14.2378, 14.3214, 14.3888, 14.4411, 14.4791, 14.5035
0.381517, 0.499426, 0.641856, 0.810907, 1.00829, 1.23525, 1.49251, 1.78025, 2.09807, 2.44502, 2.81962, 3.21992, 3.64356, 4.0878, 4.54965, 5.02591, 5.51327, 6.00834, 6.50777, 7.00826, 7.50663, 7.9999, 8.48524, 8.96008, 9.42209, 9.86919, 10.2996, 10.7117, 11.1043, 11.4764, 11.8271, 12.1559, 12.4625, 12.7468, 13.0087, 13.2485, 13.4664, 13.6631, 13.8389, 13.9946, 14.1309, 14.2485, 14.3482, 14.4309, 14.4975, 14.5487, 14.5855, 14.6088
0.387584, 0.507202, 0.651643, 0.823019, 1.02305, 1.25297, 1.5135, 1.80481, 2.12646, 2.47748, 2.85636, 3.26111, 3.68931, 4.13821, 4.60476, 5.08573, 5.57775, 6.07741, 6.58131, 7.08612, 7.58865, 8.08587, 8.57495, 9.05329, 9.51855, 9.96864, 10.4017, 10.8163, 11.2111, 11.585, 11.9374, 12.2676, 12.5753, 12.8605, 13.1231, 13.3633, 13.5815, 13.7782, 13.9539, 14.1092, 14.245, 14.362, 14.461, 14.5428, 14.6084, 14.6585, 14.6942, 14.7162
0.393882, 0.515267, 0.661788, 0.835568, 1.03833, 1.27131, 1.53522, 1.83019, 2.15579, 2.511, 2.89428, 3.30359, 3.7365, 4.19018, 4.66155, 5.14734, 5.64413, 6.14848, 6.65696, 7.1662, 7.67297, 8.17422, 8.66711, 9.14901, 9.61757, 10.0707, 10.5066, 10.9236, 11.3206, 11.6965, 12.0505, 12.3821, 12.6909, 12.9769, 13.2401, 13.4808, 13.6992, 13.8959, 14.0714, 14.2264, 14.3617, 14.478, 14.5762, 14.6571, 14.7216, 14.7706, 14.8051, 14.8258
0.400422, 0.523639, 0.672312, 0.848577, 1.05416, 1.2903, 1.55769, 1.85645, 2.18611, 2.54563, 2.93344, 3.34745, 3.78518, 4.24377, 4.72009, 5.21081, 5.7125, 6.22166, 6.73481, 7.24857, 7.75968, 8.26505, 8.76181, 9.24734, 9.71925, 10.1755, 10.6141, 11.0337, 11.4329, 11.8107, 12.1663, 12.4993, 12.8093, 13.0962, 13.36, 13.6011, 13.8197, 14.0163, 14.1916, 14.3462, 14.481, 14.5966, 14.6939, 14.7738, 14.8373, 14.8852, 14.9183, 14.9377
0.407221, 0.532335, 0.683236, 0.862071, 1.07057, 1.30997, 1.58095, 1.88362, 2.21747, 2.58144, 2.9739, 3.39274, 3.83543, 4.29906, 4.78045, 5.27625, 5.78295, 6.29702, 6.81496, 7.33334, 7.84887, 8.35844, 8.85916, 9.34838, 9.82371, 10.283, 10.7245, 11.1466, 11.5481, 11.9278, 12.2852, 12.6195, 12.9306, 13.2184, 13.4828, 13.7242, 13.943, 14.1396, 14.3146, 14.4688, 14.6029, 14.7178, 14.8142, 14.8932, 14.9555, 15.0021, 15.034, 15.0519
0.414292, 0.541373, 0.694582, 0.876078, 1.0876, 1.33037, 1.60506, 1.91175, 2.24993, 2.61847, 3.01573, 3.43954, 3.88732, 4.35613, 4.84274, 5.34373, 5.85557, 6.37468, 6.89752, 7.42062, 7.94067, 8.45452, 8.95927, 9.45225, 9.93105, 10.3936, 10.8379, 11.2626, 11.6663, 12.048, 12.407, 12.7428, 13.055, 13.3435, 13.6086, 13.8503, 14.0692, 14.2657, 14.4405, 14.5942, 14.7277, 14.8418, 14.9373, 15.0151, 15.0763, 15.1216, 15.1521, 15.1686
0.421651, 0.550773, 0.706374, 0.890627, 1.10527, 1.35152, 1.63005, 1.9409, 2.28353, 2.6568, 3.05899, 3.48792, 3.94095, 4.41507, 4.90703, 5.41335, 5.93046, 6.45473, 6.98258, 7.51051, 8.03517, 8.5534, 9.06225, 9.55906, 10.0414, 10.5071, 10.9544, 11.3817, 11.7877, 12.1714, 12.532, 12.8692, 13.1825, 13.4719, 13.7375, 13.9795, 14.1985, 14.3949, 14.5693, 14.7225, 14.8553, 14.9686, 15.0631, 15.1398, 15.1998, 15.2438, 15.2728, 15.2878
0.429317, 0.560557, 0.71864, 0.905748, 1.12362, 1.37348, 1.65597, 1.97112, 2.31835, 2.69648, 3.10377, 3.53796, 3.99638, 4.47597, 4.97342, 5.48522, 6.00772, 6.53728, 7.07026, 7.60313, 8.1325, 8.65519, 9.16824, 9.66894, 10.1549, 10.6239, 11.0741, 11.504, 11.9123, 12.298, 12.6603, 12.9988, 13.3132, 13.6034, 13.8696, 14.1119, 14.331, 14.5272, 14.7012, 14.8539, 14.986, 15.0983, 15.1918, 15.2674, 15.326, 15.3686, 15.3962, 15.4096
0.437309, 0.570749, 0.731406, 0.921475, 1.1427, 1.39629, 1.68288, 2.00247, 2.35445, 2.7376, 3.15013, 3.58974, 4.05371, 4.53893, 5.04202, 5.55943, 6.08748, 6.62245, 7.16069, 7.6986, 8.23279, 8.76004, 9.27735, 9.78202, 10.2716, 10.7439, 11.1971, 11.6297, 12.0403, 12.428, 12.792, 13.1319, 13.4474, 13.7384, 14.005, 14.2477, 14.4667, 14.6627, 14.8363, 14.9884, 15.1197, 15.231, 15.3234, 15.3978, 15.4551, 15.4963, 15.5223, 15.5341
0.445646, 0.581373, 0.744704, 0.937844, 1.16254, 1.42, 1.71082, 2.035, 2.39189, 2.78022, 3.19816, 3.64336, 4.11304, 4.60404, 5.11294, 5.63612, 6.16985, 6.71037, 7.25398, 7.79707, 8.33618, 8.86807, 9.38973, 9.89843, 10.3917, 10.8674, 11.3237, 11.7589, 12.1719, 12.5616, 12.9273, 13.2685, 13.585, 13.8768, 14.1439, 14.3868, 14.6058, 14.8016, 14.9747, 15.1261, 15.2566, 15.3669, 15.4582, 15.5312, 15.5871, 15.6268, 15.6512, 15.6613
0.454352, 0.592457, 0.758566, 0.954895, 1.18319, 1.44465, 1.73987, 2.0688, 2.43075, 2.82443, 3.24795, 3.69891, 4.17448, 4.67143, 5.18629, 5.71539, 6.25495, 6.80117, 7.35028, 7.89865, 8.44279, 8.97943, 9.50553, 10.0183, 10.5154, 10.9945, 11.4538, 11.8918, 12.3071, 12.6988, 13.0662, 13.4088, 13.7264, 14.0189, 14.2865, 14.5295, 14.7484, 14.9439, 15.1166, 15.2672, 15.3968, 15.5061, 15.5961, 15.6678, 15.7222, 15.7603, 15.783, 15.7914
0.463449, 0.60403, 0.773028, 0.97267, 1.2047, 1.47032, 1.77008, 2.10392, 2.47112, 2.87032, 3.2996, 3.7565, 4.23813, 4.74121, 5.2622, 5.79739, 6.34293, 6.89498, 7.44974, 8.00351, 8.55279, 9.09427, 9.62489, 10.1419, 10.6428, 11.1254, 11.5878, 12.0285, 12.4462, 12.8399, 13.209, 13.5529, 13.8715, 14.1647, 14.4327, 14.6759, 14.8947, 15.0898, 15.2619, 15.4118, 15.5404, 15.6486, 15.7373, 15.8076, 15.8605, 15.8969, 15.9179, 15.9244
0.472966, 0.616125, 0.788129, 0.991214, 1.22713, 1.49705, 1.80152, 2.14045, 2.51307, 2.91799, 3.35321, 3.81624, 4.30411, 4.8135, 5.3408, 5.88224, 6.43393, 6.99196, 7.55249, 8.1118, 8.66634, 9.21276, 9.74799, 10.2692, 10.774, 11.2601, 11.7257, 12.1692, 12.5893, 12.985, 13.3558, 13.701, 14.0206, 14.3145, 14.5829, 14.8262, 15.0448, 15.2395, 15.411, 15.56, 15.6876, 15.7946, 15.8819, 15.9507, 16.002, 16.0367, 16.0558, 16.0604
0.482929, 0.628776, 0.80391, 1.01058, 1.25052, 1.52492, 1.83428, 2.17848, 2.55671, 2.96753, 3.4089, 3.87825, 4.37256, 4.88844, 5.42224, 5.9701, 6.5281, 7.09227, 7.65872, 8.2237, 8.7836, 9.33506, 9.875, 10.4006, 10.9093, 11.399, 11.8677, 12.314, 12.7365, 13.1343, 13.5067, 13.8532, 14.1738, 14.4683, 14.737, 14.9804, 15.1988, 15.3931, 15.5639, 15.712, 15.8384, 15.9441, 16.0301, 16.0973, 16.1469, 16.1797, 16.197, 16.1996
0.49337, 0.642022, 0.820417, 1.03081, 1.27495, 1.55399, 1.86842, 2.21808, 2.60213, 3.01905, 3.46677, 3.94265, 4.4436, 4.96618, 5.50666, 6.06113, 6.6256, 7.19607, 7.7686, 8.33936, 8.90475, 9.46137, 10.0061, 10.5361, 11.0488, 11.5421, 12.0141, 12.4631, 12.8881, 13.2879, 13.6619, 14.0098, 14.3313, 14.6264, 14.8954, 15.1388, 15.357, 15.5507, 15.7207, 15.8679, 15.9931, 16.0975, 16.1819, 16.2475, 16.2953, 16.3262, 16.3415, 16.3421
0.504323, 0.655903, 0.8377, 1.05198, 1.30048, 1.58434, 1.90404, 2.25937, 2.64944, 3.07269, 3.52697, 4.00959, 4.51739, 5.04687, 5.59423, 6.1555, 6.72663, 7.30356, 7.8823, 8.459, 9.03, 9.59188, 10.1415, 10.676, 11.1928, 11.6897, 12.1649, 12.6168, 13.0442, 13.446, 13.8217, 14.1708, 14.4932, 14.7889, 15.0582, 15.3015, 15.5193, 15.7124, 15.8816, 16.0277, 16.1518, 16.2547, 16.3375, 16.4014, 16.4473, 16.4763, 16.4895, 16.4879
0.515826, 0.670465, 0.855811, 1.07414, 1.32718, 1.61607, 1.94124, 2.30245, 2.69875, 3.12855, 3.58962, 4.07921, 4.59409, 5.13068, 5.68512, 6.25338, 6.83136, 7.41492, 8.00004, 8.58281, 9.15955, 9.72679, 10.2814, 10.8204, 11.3414, 11.842, 12.3205, 12.7753, 13.2051, 13.6089, 13.9862, 14.3365, 14.6598, 14.956, 15.2255, 15.4687, 15.6861, 15.8786, 16.0468, 16.1918, 16.3145, 16.4159, 16.4971, 16.5591, 16.603, 16.63, 16.641, 16.6372
0.527918, 0.685756, 0.874811, 1.09736, 1.35514, 1.64925, 1.98011, 2.34742, 2.75021, 3.18679, 3.65489, 4.15167, 4.67386, 5.21779, 5.77953, 6.35499, 6.93999, 7.53036, 8.12202, 8.71101, 9.29361, 9.86633, 10.426, 10.9697, 11.4948, 11.9993, 12.4811, 12.9387, 13.3709, 13.7767, 14.1556, 14.5072, 14.8312, 15.1279, 15.3975, 15.6405, 15.8575, 16.0492, 16.2165, 16.3603, 16.4815, 16.5813, 16.6607, 16.7208, 16.7627, 16.7875, 16.7962, 16.7901
0.540644, 0.701832, 0.894764, 1.12173, 1.38444, 1.68399, 2.02077, 2.39443, 2.80393, 3.24754, 3.72292, 4.22716, 4.75689, 5.30839, 5.87765, 6.46052, 7.05275, 7.65012, 8.24847, 8.84383, 9.43243, 10.0107, 10.5756, 11.124, 11.6534, 12.1616, 12.6467, 13.1072, 13.5419, 13.9497, 14.3302, 14.6829, 15.0078, 15.3049, 15.5745, 15.8173, 16.0337, 16.2246, 16.3908, 16.5332, 16.653, 16.7511, 16.8286, 16.8867, 16.9264, 16.9489, 16.9553, 16.9467
0.554054, 0.718751, 0.915739, 1.14731, 1.41518, 1.7204, 2.06334, 2.44359, 2.86007, 3.31098, 3.7939, 4.30584, 4.84337, 5.40269, 5.97971, 6.57021, 7.16987, 7.77441, 8.37964, 8.98152, 9.57625, 10.1603, 10.7303, 11.2835, 11.8173, 12.3294, 12.8179, 13.2813, 13.7183, 14.1281, 14.5101, 14.864, 15.1895, 15.487, 15.7567, 15.9991, 16.2149, 16.4048, 16.5699, 16.7109, 16.8291, 16.9253, 17.0009, 17.0568, 17.0943, 17.1144, 17.1184, 17.1072
0.5682, 0.736578, 0.937814, 1.1742, 1.44745, 1.7586, 2.10795, 2.49507, 2.9188, 3.37728, 3.86801, 4.38793, 4.93353, 5.50091, 6.08594, 6.68429, 7.2916, 7.90352, 8.51579, 9.12435, 9.72534, 10.3152, 10.8906, 11.4487, 11.9868, 12.5028, 12.9947, 13.461, 13.9004, 14.3122, 14.6957, 15.0506, 15.3769, 15.6746, 15.9442, 16.1862, 16.4013, 16.5902, 16.754, 16.8935, 17.0099, 17.1043, 17.1777, 17.2314, 17.2666, 17.2842, 17.2856, 17.2717
0.583143, 0.755385, 0.961075, 1.20251, 1.48139, 1.79871, 2.15475, 2.54902, 2.98029, 3.44663, 3.94546, 4.47365, 5.02759, 5.60331, 6.19659, 6.80303, 7.41821, 8.0377, 8.65721, 9.2726, 9.88, 10.4758, 11.0567, 11.6197, 12.1623, 12.6821, 13.1774, 13.6466, 14.0885, 14.5022, 14.8872, 15.2431, 15.57, 15.8679, 16.1373, 16.3788, 16.5931, 16.7809, 16.9433, 17.0812, 17.1958, 17.2881, 17.3594, 17.4107, 17.4433, 17.4584, 17.457, 17.4404
0.598949, 0.775251, 0.985614, 1.23234, 1.5171, 1.84087, 2.20389, 2.60561, 3.04472, 3.51923, 4.02648, 4.56323, 5.1258, 5.71014, 6.31193, 6.92672, 7.54999, 8.17727, 8.80419, 9.42659, 10.0405, 10.6424, 11.2288, 11.7969, 12.3439, 12.8678, 13.3665, 13.8386, 14.2828, 14.6984, 15.0848, 15.4417, 15.7691, 16.0672, 16.3364, 16.5772, 16.7906, 16.9772, 17.1381, 17.2742, 17.3868, 17.477, 17.5459, 17.5948, 17.6248, 17.6371, 17.6329, 17.6134
0.615689, 0.796262, 1.01153, 1.2638, 1.55473, 1.88525, 2.25555, 2.66503, 3.11232, 3.59532, 4.11129, 4.65693, 5.22844, 5.82168, 6.43227, 7.05566, 7.68726, 8.32253, 8.95706, 9.58663, 10.2073, 10.8153, 11.4074, 11.9805, 12.5322, 13.06, 13.5621, 14.0371, 14.4837, 14.9012, 15.2889, 15.6467, 15.9745, 16.2727, 16.5415, 16.7817, 16.994, 17.1792, 17.3385, 17.4728, 17.5833, 17.6712, 17.7376, 17.7839, 17.8111, 17.8206, 17.8134, 17.7909
0.633444, 0.818517, 1.03895, 1.29704, 1.59442, 1.93201, 2.30993, 2.72751, 3.1833, 3.67514, 4.20018, 4.75503, 5.33579, 5.93825, 6.55792, 7.19017, 7.83035, 8.47385, 9.11618, 9.75309, 10.3806, 10.9949, 11.5927, 12.1711, 12.7273, 13.2591, 13.7647, 14.2426, 14.6915, 15.1108, 15.4998, 15.8584, 16.1866, 16.4847, 16.7531, 16.9924, 17.2035, 17.3873, 17.5448, 17.6772, 17.7854, 17.8709, 17.9347, 17.9782, 18.0025, 18.009, 17.9987, 17.973
0.652305, 0.842122, 1.06799, 1.33219, 1.63635, 1.98134, 2.36722, 2.79326, 3.25793, 3.75896, 4.29343, 4.85783, 5.44819, 6.06019, 6.68923, 7.33063, 7.97964, 8.63158, 9.28192, 9.92635, 10.5608, 11.1816, 11.7852, 12.3688, 12.9297, 13.4655, 13.9746, 14.4553, 14.9066, 15.3276, 15.7178, 16.0772, 16.4056, 16.7035, 16.9713, 17.2097, 17.4196, 17.6018, 17.7574, 17.8875, 17.9934, 18.0763, 18.1374, 18.178, 18.1993, 18.2025, 18.189, 18.16
0.672371, 0.867196, 1.09879, 1.36943, 1.6807, 2.03345, 2.42766, 2.86254, 3.33647, 3.84708, 4.39136, 4.96568, 5.56599, 6.18785, 6.82659, 7.47742, 8.13552, 8.79614, 9.4547, 10.1068, 10.7484, 11.3757, 11.9853, 12.5742, 13.1397, 13.6797, 14.1922, 14.6757, 15.1292, 15.5519, 15.9433, 16.3033, 16.6319, 16.9295, 17.1966, 17.434, 17.6423, 17.8228, 17.9764, 18.1042, 18.2076, 18.2877, 18.3459, 18.3834, 18.4015, 18.4014, 18.3845, 18.352
0.693754, 0.893873, 1.1315, 1.40892, 1.72768, 2.08856, 2.49151, 2.93563, 3.41922, 3.93982, 4.4943, 5.07894, 5.68956, 6.32163, 6.97039, 7.63095, 8.29842, 8.96797, 9.63495, 10.295, 10.9438, 11.5778, 12.1934, 12.7877, 13.3579, 13.9019, 14.4178, 14.9042, 15.3599, 15.7842, 16.1767, 16.5372, 16.8659, 17.163, 17.4293, 17.6654, 17.8722, 18.0507, 18.2021, 18.3275, 18.4281, 18.5054, 18.5604, 18.5947, 18.6094, 18.6059, 18.5854, 18.5492
0.71658, 0.9223, 1.16631, 1.45087, 1.7775, 2.14693, 2.55904, 3.01283, 3.50652, 4.03754, 4.60264, 5.198, 5.81933, 6.46198, 7.1211, 7.7917, 8.46881, 9.14754, 9.82317, 10.4912, 11.1475, 11.7883, 12.41, 13.0097, 13.5847, 14.1328, 14.6521, 15.1412, 15.599, 16.0249, 16.4183, 16.7792, 17.1078, 17.4044, 17.6697, 17.9044, 18.1095, 18.2859, 18.4349, 18.5576, 18.6554, 18.7295, 18.7813, 18.8121, 18.8233, 18.8161, 18.7919, 18.7519
0.740988, 0.952646, 1.2034, 1.4955, 1.83043, 2.20885, 2.63056, 3.09449, 3.59874, 4.14063, 4.7168, 5.32331, 5.95574, 6.60936, 7.27919, 7.96017, 8.64721, 9.33537, 10.0199, 10.6962, 11.3601, 12.0077, 12.6357, 13.2409, 13.8206, 14.3727, 14.8954, 15.3872, 15.8471, 16.2744, 16.6686, 17.0299, 17.3582, 17.6541, 17.9183, 18.1514, 18.3545, 18.5287, 18.6751, 18.795, 18.8897, 18.9605, 19.0088, 19.036, 19.0434, 19.0324, 19.0043, 18.9602
0.767138, 0.985095, 1.243, 1.54306, 1.88673, 2.27462, 2.70642, 3.18098, 3.69628, 4.24952, 4.83723, 5.45534, 6.09932, 6.7643, 7.44521, 8.13689, 8.83417, 9.53203, 10.2256, 10.9103, 11.582, 12.2367, 12.8709, 13.4816, 14.0661, 14.6223, 15.1483, 15.6427, 16.1046, 16.5332, 16.9282, 17.2895, 17.6175, 17.9125, 18.1753, 18.4067, 18.6077, 18.7794, 18.923, 19.0398, 19.1313, 19.1986, 19.2433, 19.2666, 19.2701, 19.255, 19.2227, 19.1745
0.795207, 1.01986, 1.28534, 1.59383, 1.94674, 2.34459, 2.787, 3.27271, 3.79958, 4.3647, 4.96445, 5.59463, 6.2506, 6.92736, 7.61975, 8.32247, 9.0303, 9.73812, 10.441, 11.1344, 11.8139, 12.4757, 13.1163, 13.7325, 14.3219, 14.8821, 15.4113, 15.9083, 16.372, 16.8018, 17.1974, 17.5587, 17.8861, 18.1801, 18.4413, 18.6708, 18.8694, 19.0384, 19.179, 19.2926, 19.3805, 19.4441, 19.4849, 19.5042, 19.5035, 19.4842, 19.4475, 19.3949
0.825399, 1.05718, 1.3307, 1.64812, 2.01079, 2.41915, 2.87274, 3.37016, 3.90916, 4.48669, 5.099, 5.74176, 6.41019, 7.09918, 7.80343, 8.51757, 9.23626, 9.95431, 10.6668, 11.3689, 12.0565, 12.7255, 13.3725, 13.9943, 14.5885, 15.1526, 15.6851, 16.1845, 16.65, 17.0808, 17.4768, 17.8379, 18.1646, 18.4573, 18.7168, 18.944, 19.1401, 19.3062, 19.4436, 19.5537, 19.6378, 19.6975, 19.7341, 19.7491, 19.744, 19.7202, 19.679, 19.6217
0.857942, 1.09731, 1.37939, 1.70628, 2.07928, 2.49875, 2.9641, 3.47383, 4.02555, 4.61608, 5.24151, 5.89738, 6.57877, 7.28044, 7.99698, 8.7229, 9.45278, 10.1813, 10.9036, 11.6147, 12.3105, 12.9868, 13.6402, 14.2677, 14.8666, 15.4347, 15.9703, 16.4721, 16.9391, 17.3708, 17.767, 18.1278, 18.4534, 18.7446, 19.0022, 19.227, 19.4202, 19.5832, 19.7171, 19.8234, 19.9035, 19.959, 19.9912, 20.0017, 19.992, 19.9634, 19.9173, 19.8552
0.893098, 1.14058, 1.43176, 1.76871, 2.15266, 2.58386, 3.06162, 3.58431, 4.14939, 4.75352, 5.39267, 6.06221, 6.75708, 7.47191, 8.20117, 8.93925, 9.68066, 10.42, 11.1523, 11.8726, 12.5766, 13.2604, 13.9203, 14.5534, 15.157, 15.729, 16.2676, 16.7715, 17.24, 17.6724, 18.0686, 18.4288, 18.7533, 19.0427, 19.298, 19.5202, 19.7103, 19.8698, 19.9999, 20.1022, 20.1781, 20.229, 20.2566, 20.2623, 20.2477, 20.2141, 20.163, 20.0957
0.931167, 1.18732, 1.48821, 1.83587, 2.23142, 2.67504, 3.16591, 3.70224, 4.28135, 4.89975, 5.55324, 6.23703, 6.94593, 7.67443, 8.41685, 9.1675, 9.92076, 10.6712, 11.4137, 12.1434, 12.8558, 13.5471, 14.2136, 14.8522, 15.4605, 16.0362, 16.5777, 17.0837, 17.5534, 17.9864, 18.3824, 18.7417, 19.0647, 19.3521, 19.6049, 19.8241, 20.0109, 20.1666, 20.2927, 20.3906, 20.4619, 20.508, 20.5307, 20.5313, 20.5115, 20.4726, 20.4162, 20.3436
0.97249, 1.23792, 1.54919, 1.90825, 2.31614, 2.77292, 3.27763, 3.82834, 4.42221, 5.05558, 5.72406, 6.42274, 7.14624, 7.88892, 8.64497, 9.40859, 10.1741, 10.9359, 11.6888, 12.428, 13.149, 13.8478, 14.5209, 15.1651, 15.778, 16.3573, 16.9015, 17.4094, 17.8802, 18.3134, 18.7089, 19.0671, 19.3884, 19.6735, 19.9234, 20.1393, 20.3224, 20.4741, 20.5958, 20.689, 20.7554, 20.7965, 20.8139, 20.8091, 20.7838, 20.7393, 20.6773, 20.599
1.01746, 1.29286, 1.61522, 1.98645, 2.40746, 2.8782, 3.39756, 3.96345, 4.57285, 5.22191, 5.90611, 6.62032, 7.35902, 8.11642, 8.88659, 9.6636, 10.4416, 11.2151, 11.9788, 12.7276, 13.4573, 14.1637, 14.8433, 15.493, 16.1103, 16.6932, 17.24, 17.7495, 18.2211, 18.6543, 19.0491, 19.4058, 19.725, 20.0075, 20.2543, 20.4665, 20.6456, 20.7928, 20.9098, 20.9981, 21.0592, 21.0949, 21.1066, 21.0962, 21.065, 21.0147, 20.9467, 20.8625
1.06654, 1.35265, 1.6869, 2.07112, 2.50612, 2.99168, 3.52656, 4.10847, 4.73422, 5.39978, 6.10043, 6.83086, 7.5854, 8.35809, 9.14287, 9.93368, 10.7246, 11.5101, 12.2846, 13.0433, 13.7817, 14.4957, 15.1818, 15.837, 16.4586, 17.0448, 17.594, 18.1049, 18.577, 19.0099, 19.4037, 19.7586, 20.0754, 20.3549, 20.5982, 20.8064, 20.981, 21.1235, 21.2353, 21.3182, 21.3738, 21.4036, 21.4094, 21.3929, 21.3555, 21.299, 21.2248, 21.1343
1.12025, 1.41789, 1.76491, 2.16303, 2.61294, 3.11427, 3.6656, 4.26445, 4.90745, 5.59034, 6.30822, 7.05561, 7.82664, 8.6152, 9.41509, 10.2202, 11.0244, 11.822, 12.6077, 13.3764, 14.1235, 14.8451, 15.5377, 16.1982, 16.824, 17.4134, 17.9646, 18.4767, 18.949, 19.3813, 19.7736, 20.1264, 20.4404, 20.7165, 20.9558, 21.1597, 21.3294, 21.4667, 21.573, 21.6501, 21.6996, 21.7233, 21.7228, 21.6998, 21.6559, 21.5928, 21.5119, 21.4149
1.1792, 1.4893, 1.85004, 2.26306, 2.7289, 3.24702, 3.81581, 4.43259, 5.09377, 5.79489, 6.53084, 7.29594, 8.08415, 8.88919, 9.70472, 10.5245, 11.3423, 12.1524, 12.9494, 13.7281, 14.4841, 15.2133, 15.9123, 16.5779, 17.2078, 17.8, 18.353, 18.8659, 19.3381, 19.7693, 20.1599, 20.5101, 20.8209, 21.0932, 21.3281, 21.5271, 21.6916, 21.8232, 21.9236, 21.9944, 22.0375, 22.0545, 22.0473, 22.0174, 21.9666, 21.8965, 21.8087, 21.7046
1.24412, 1.56767, 1.94321, 2.37222, 2.85509, 3.39112, 3.97846, 4.61423, 5.2946, 6.01491, 6.7698, 7.55341, 8.35951, 9.18166, 10.0134, 10.8482, 11.68, 12.5029, 13.3113, 14.1002, 14.8651, 15.6018, 16.3069, 16.9775, 17.6112, 18.2059, 18.7605, 19.2738, 19.7454, 20.1753, 20.5635, 20.9108, 21.2179, 21.4858, 21.7159, 21.9095, 22.0682, 22.1937, 22.2876, 22.3518, 22.3879, 22.3979, 22.3834, 22.3463, 22.2881, 22.2106, 22.1154, 22.004
1.31584, 1.65397, 2.04547, 2.49168, 2.99281, 3.54794, 4.15501, 4.81091, 5.51156, 6.25206, 7.02683, 7.82979, 8.65452, 9.49441, 10.3428, 11.1932, 12.0393, 12.8752, 13.6952, 14.4943, 15.2679, 16.0121, 16.7233, 17.3986, 18.0357, 18.6327, 19.1883, 19.7017, 20.1724, 20.6003, 20.9858, 21.3295, 21.6323, 21.8954, 22.1201, 22.3078, 22.4603, 22.5791, 22.666, 22.723, 22.7517, 22.7541, 22.7319, 22.687, 22.621, 22.5357, 22.4327, 22.3135
1.39536, 1.74933, 2.15808, 2.6228, 3.14352, 3.71907, 4.34716, 5.02441, 5.74649, 6.50825, 7.30388, 8.12706, 8.97119, 9.82946, 10.6951, 11.5615, 12.4222, 13.2712, 14.103, 14.9123, 15.6947, 16.4461, 17.1631, 17.8428, 18.483, 19.0819, 19.6382, 20.151, 20.6202, 21.0457, 21.4279, 21.7675, 22.0655, 22.3231, 22.5418, 22.7231, 22.8686, 22.9802, 23.0596, 23.1087, 23.1295, 23.1238, 23.0934, 23.0402, 22.9659, 22.8723, 22.761, 22.6336
1.48386, 1.85504, 2.28249, 2.76719, 3.30895, 3.90635, 4.55684, 5.25676, 6.00151, 6.78567, 7.60317, 8.44749, 9.31179, 10.1891, 11.0725, 11.9553, 12.8309, 13.6933, 14.5368, 15.3563, 16.1473, 16.9057, 17.6283, 18.3121, 18.955, 19.5552, 20.1116, 20.6234, 21.0905, 21.5129, 21.8912, 22.226, 22.5186, 22.7701, 22.9822, 23.1563, 23.2943, 23.398, 23.4692, 23.51, 23.5222, 23.5078, 23.4686, 23.4066, 23.3235, 23.2211, 23.101, 22.9649
1.58273, 1.97269, 2.42043, 2.92672, 3.49111, 4.11193, 4.78631, 5.51032, 6.27905, 7.0868, 7.92726, 8.79365, 9.67893, 10.576, 11.4777, 12.3772, 13.268, 14.1438, 14.9991, 15.8287, 16.6281, 17.3933, 18.121, 18.8084, 19.4535, 20.0545, 20.6104, 21.1206, 21.5849, 22.0036, 22.3772, 22.7066, 22.9929, 23.2377, 23.4424, 23.6086, 23.7384, 23.8335, 23.8959, 23.9276, 23.9306, 23.9069, 23.8584, 23.7869, 23.6944, 23.5826, 23.4532, 23.3079
1.69366, 2.10414, 2.57394, 3.10359, 3.69238, 4.3383, 5.0382, 5.7878, 6.58191, 7.41453, 8.27906, 9.16848, 10.0756, 10.993, 11.9135, 12.8301, 13.7362, 14.6256, 15.4926, 16.3321, 17.1396, 17.9111, 18.6435, 19.3341, 19.9807, 20.5819, 21.1366, 21.6444, 22.1053, 22.5194, 22.8875, 23.2107, 23.4901, 23.7272, 23.9237, 24.0814, 24.2021, 24.2879, 24.3407, 24.3627, 24.3558, 24.322, 24.2634, 24.1819, 24.0794, 23.9576, 23.8184, 23.6633
1.81866, 2.25161, 2.74545, 3.30043, 3.91552, 4.5884, 5.31556, 6.09239, 6.91336, 7.77216, 8.66192, 9.57536, 10.505, 11.4434, 12.3832, 13.3172, 14.2388, 15.1417, 16.0203, 16.8694, 17.6847, 18.4621, 19.1987, 19.8916, 20.5391, 21.1397, 21.6925, 22.1971, 22.6535, 23.0623, 23.4241, 23.7401, 24.0116, 24.2402, 24.4277, 24.5758, 24.6867, 24.7623, 24.8048, 24.8162, 24.7986, 24.7541, 24.6847, 24.5925, 24.4792, 24.3469, 24.1971, 24.0317
1.96017, 2.41778, 2.93786, 3.52034, 4.16385, 4.8657, 5.622, 6.42779, 7.27718, 8.16355, 9.07972, 10.0182, 10.9712, 11.9312, 12.8906, 13.8423, 14.7794, 15.6958, 16.5857, 17.4441, 18.2665, 19.0493, 19.7892, 20.4839, 21.1315, 21.7306, 22.2804, 22.7808, 23.2319, 23.6343, 23.9887, 24.2966, 24.5592, 24.7784, 24.9558, 25.0936, 25.1936, 25.2582, 25.2893, 25.2893, 25.2602, 25.2041, 25.1232, 25.0195, 24.8949, 24.7512, 24.5903, 24.4139
2.12119, 2.60592, 3.15469, 3.76707, 4.4413, 5.17429, 5.96176, 6.79835, 7.67781, 8.59317, 9.53695, 10.5014, 11.4786, 12.4607, 13.4401, 14.4095, 15.3621, 16.2917, 17.1925, 18.0597, 18.8887, 19.676, 20.4186, 21.114, 21.7607, 22.3572, 22.9032, 23.3983, 23.8429, 24.2377, 24.5837, 24.8823, 25.135, 25.3435, 25.5099, 25.6361, 25.7243, 25.7768, 25.7957, 25.7833, 25.7418, 25.6733, 25.58, 25.4639, 25.3271, 25.1714, 24.9987, 24.8106
2.30535, 2.81998, 3.40016, 4.04509, 4.75256, 5.51906, 6.33987, 7.2092, 8.12043, 9.06624, 10.0388, 11.0302, 12.0322, 13.0369, 14.0365, 15.0237, 15.9916, 16.934, 17.8453, 18.7205, 19.5553, 20.3462, 21.0904, 21.7855, 22.4301, 23.0229, 23.5637, 24.0522, 24.4891, 24.8751, 25.2114, 25.4994, 25.7409, 25.9376, 26.0917, 26.2052, 26.2805, 26.3198, 26.3254, 26.2996, 26.2446, 26.1628, 26.0562, 25.9269, 25.777, 25.6085, 25.4231, 25.2226
2.51718, 3.06481, 3.67946, 4.35985, 5.10332, 5.90586, 6.7623, 7.66642, 8.61118, 9.5889, 10.5915, 11.6107, 12.6382, 13.6657, 14.6856, 15.6904, 16.6733, 17.6279, 18.5489, 19.4312, 20.2708, 21.0643, 21.8088, 22.5023, 23.1434, 23.7312, 24.2653, 24.7459, 25.1736, 25.5493, 25.8745, 26.1505, 26.3793, 26.5629, 26.7033, 26.8029, 26.864, 26.8889, 26.88, 26.8396, 26.7701, 26.6738, 26.5529, 26.4095, 26.2457, 26.0634, 25.8645, 25.6508
2.76229, 3.34642, 3.99891, 4.71798, 5.50042, 6.34174, 7.23624, 8.17725, 9.15732, 10.1684, 11.2021, 12.2499, 13.3033, 14.3539, 15.394, 16.416, 17.4132, 18.3793, 19.309, 20.1973, 21.0404, 21.835, 22.5784, 23.2688, 23.9048, 24.4859, 25.0117, 25.4827, 25.8995, 26.2634, 26.5757, 26.8382, 27.0529, 27.2217, 27.3471, 27.4312, 27.4767, 27.4858, 27.4611, 27.405, 27.3198, 27.2079, 27.0716, 26.913, 26.7342, 26.5373, 26.324, 26.0962
3.04772, 3.67228, 4.36636, 5.1276, 5.95224, 6.83521, 7.7703, 8.75035, 9.76749, 10.8133, 11.8791, 12.9561, 14.0356, 15.1093, 16.1692, 17.2078, 18.2185, 19.195, 20.132, 21.025, 21.87, 22.664, 23.4046, 24.09, 24.7191, 25.2915, 25.8072, 26.2666, 26.6707, 27.0208, 27.3185, 27.5656, 27.7643, 27.9168, 28.0253, 28.0925, 28.1208, 28.1127, 28.0708, 27.9975, 27.8953, 27.7666, 27.6137, 27.4388, 27.2439, 27.0312, 26.8026, 26.5598
3.38237, 4.05174, 4.79153, 5.59876, 6.46902, 7.39667, 8.37493, 9.39616, 10.452, 11.5338, 12.6325, 13.7391, 14.8448, 15.9411, 17.0201, 18.0744, 19.0972, 20.0826, 21.0254, 21.9212, 22.7662, 23.5576, 24.2932, 24.9714, 25.5914, 26.153, 26.6562, 27.1019, 27.4911, 27.8254, 28.1063, 28.3361, 28.5168, 28.6509, 28.7409, 28.7893, 28.7987, 28.7717, 28.711, 28.6191, 28.4984, 28.3515, 28.1807, 27.9882, 27.7761, 27.5466, 27.3015, 27.0427
3.77759, 4.49664, 5.28665, 6.14394, 7.06344, 8.03886, 9.06287, 10.1273, 11.2234, 12.3422, 13.4742, 14.6104, 15.7419, 16.8601, 17.9571, 19.0256, 20.0589, 21.0513, 21.9977, 22.894, 23.7366, 24.5229, 25.251, 25.9195, 26.5278, 27.0759, 27.5642, 27.9936, 28.3654, 28.6813, 28.9432, 29.1532, 29.3138, 29.4275, 29.4968, 29.5244, 29.513, 29.4653, 29.3841, 29.2718, 29.1311, 28.9645, 28.7743, 28.5629, 28.3323, 28.0847, 27.822, 27.546
4.24798, 5.02205, 5.86714, 6.7788, 7.75124, 8.77752, 9.84972, 10.9592, 12.0968, 13.253, 14.4185, 15.584, 16.7403, 17.879, 18.9923, 20.073, 21.1145, 22.1114, 23.0588, 23.9527, 24.79, 25.5682, 26.2857, 26.9414, 27.535, 28.0666, 28.537, 28.9472, 29.2987, 29.5935, 29.8335, 30.0213, 30.1592, 30.2499, 30.2962, 30.3008, 30.2665, 30.1962, 30.0924, 29.958, 29.7956, 29.6076, 29.3965, 29.1646, 28.9141, 28.6471, 28.3655, 28.0712
4.81251, 5.6474, 6.55269, 7.52313, 8.55219, 9.63223, 10.7548, 11.9107, 13.0904, 14.2843, 15.4827, 16.6762, 17.8557, 19.013, 20.1401, 21.2302, 22.2769, 23.275, 24.22, 25.1081, 25.9364, 26.7029, 27.4061, 28.0454, 28.6206, 29.1322, 29.5811, 29.9687, 30.2967, 30.5671, 30.7823, 30.9448, 31.0572, 31.1223, 31.143, 31.1221, 31.0625, 30.9672, 30.8388, 30.6802, 30.494, 30.2828, 30.0491, 29.7951, 29.5232, 29.2353, 28.9335, 28.6196
5.49611, 6.39791, 7.36864, 8.40218, 9.49125, 10.6275, 11.802, 13.0051, 14.227, 15.4577, 16.6874, 17.9069, 19.1071, 20.2798, 21.4174, 22.5132, 23.5612, 24.5564, 25.4946, 26.3724, 27.1874, 27.9377, 28.6224, 29.2409, 29.7934, 30.2808, 30.7042, 31.0653, 31.3659, 31.6083, 31.7951, 31.9289, 32.0126, 32.049, 32.0411, 31.9919, 31.9044, 31.7816, 31.6262, 31.4412, 31.2291, 30.9927, 30.7344, 30.4566, 30.1615, 29.8511, 29.5276, 29.1926