0.940177, 1.0832, 1.24575, 1.4292, 1.63468, 1.86301, 2.11469, 2.38983, 2.68811, 3.00883, 3.35087, 3.71272, 4.09254, 4.48818, 4.89727, 5.31725, 5.74546, 6.17917, 6.61566, 7.05227, 7.48644, 7.91575, 8.33795, 8.751, 9.15304, 9.54245, 9.91783, 10.278, 10.622, 10.949, 11.2586, 11.5502, 11.8238, 12.0792, 12.3165, 12.5358, 12.7375, 12.922, 13.0896, 13.2409, 13.3765, 13.4969, 13.6028, 13.6948, 13.7736, 13.8398, 13.8941, 13.9371
0.94462, 1.08826, 1.25152, 1.43575, 1.64209, 1.87137, 2.12409, 2.40033, 2.69981, 3.0218, 3.36517, 3.72841, 4.10966, 4.50677, 4.91735, 5.33884, 5.76856, 6.20377, 6.64175, 7.07981, 7.5154, 7.94608, 8.3696, 8.7839, 9.18712, 9.57765, 9.95407, 10.3152, 10.6601, 10.9879, 11.2982, 11.5905, 11.8647, 12.1206, 12.3583, 12.578, 12.78, 12.9647, 13.1324, 13.2839, 13.4195, 13.5399, 13.6457, 13.7377, 13.8163, 13.8823, 13.9364, 13.9792
0.949131, 1.09341, 1.25737, 1.4424, 1.64961, 1.87986, 2.13362, 2.411, 2.71169, 3.03496, 3.37967, 3.74431, 4.12702, 4.52562, 4.93772, 5.36074, 5.79199, 6.22872, 6.6682, 7.10773, 7.54475, 7.97682, 8.40167, 8.81724, 9.22166, 9.61332, 9.99079, 10.3529, 10.6987, 11.0274, 11.3384, 11.6313, 11.9061, 12.1625, 12.4006, 12.6207, 12.823, 13.0079, 13.1758, 13.3274, 13.463, 13.5834, 13.6892, 13.781, 13.8595, 13.9254, 13.9793, 14.0219
0.953712, 1.09863, 1.26331, 1.44914, 1.65725, 1.88847, 2.14329, 2.42182, 2.72373, 3.0483, 3.39438, 3.76045, 4.14463, 4.54474, 4.95837, 5.38294, 5.81574, 6.25401, 6.69501, 7.13604, 7.57451, 8.00798, 8.43417, 8.85102, 9.25666, 9.64946, 10.028, 10.3911, 10.7378, 11.0673, 11.379, 11.6727, 11.948, 12.2049, 12.4435, 12.6639, 12.8665, 13.0516, 13.2197, 13.3714, 13.5071, 13.6275, 13.7332, 13.8249, 13.9033, 13.969, 14.0227, 14.065
0.958364, 1.10393, 1.26935, 1.45599, 1.665, 1.89721, 2.15311, 2.4328, 2.73596, 3.06184, 3.40931, 3.77682, 4.16249, 4.56413, 4.97932, 5.40545, 5.83982, 6.27966, 6.7222, 7.16474, 7.60467, 8.03956, 8.46712, 8.88526, 9.29213, 9.68608, 10.0657, 10.4298, 10.7774, 11.1077, 11.4202, 11.7145, 11.9904, 12.2479, 12.4869, 12.7077, 12.9105, 13.0959, 13.2642, 13.4159, 13.5517, 13.6721, 13.7778, 13.8694, 13.9476, 14.0131, 14.0665, 14.1086
0.963089, 1.10932, 1.27547, 1.46294, 1.67287, 1.90608, 2.16308, 2.44394, 2.74836, 3.07558, 3.42446, 3.79343, 4.18061, 4.5838, 5.00056, 5.42829, 5.86425, 6.30567, 6.74976, 7.19383, 7.63525, 8.07158, 8.50051, 8.91997, 9.32808, 9.7232, 10.1039, 10.469, 10.8175, 11.1487, 11.462, 11.757, 12.0334, 12.2914, 12.5308, 12.752, 12.9552, 13.1408, 13.3092, 13.461, 13.5969, 13.7173, 13.8229, 13.9144, 13.9924, 14.0578, 14.111, 14.1528
0.967887, 1.11478, 1.2817, 1.47, 1.68086, 1.91509, 2.17319, 2.45525, 2.76095, 3.08953, 3.43982, 3.81028, 4.19899, 4.60375, 5.02211, 5.45145, 5.88902, 6.33204, 6.77772, 7.22333, 7.66626, 8.10403, 8.53436, 8.95515, 9.36451, 9.76081, 10.1426, 10.5087, 10.8582, 11.1902, 11.5043, 11.7999, 12.077, 12.3355, 12.5754, 12.7969, 13.0004, 13.1862, 13.3548, 13.5067, 13.6426, 13.763, 13.8685, 13.9599, 14.0378, 14.1029, 14.1559, 14.1975
0.972762, 1.12034, 1.28801, 1.47718, 1.68897, 1.92424, 2.18346, 2.46674, 2.77373, 3.10368, 3.45542, 3.82738, 4.21764, 4.62399, 5.04397, 5.47494, 5.91415, 6.35879, 6.80607, 7.25324, 7.6977, 8.13694, 8.56868, 8.99081, 9.40145, 9.79894, 10.1819, 10.549, 10.8994, 11.2323, 11.5471, 11.8435, 12.1212, 12.3801, 12.6205, 12.8424, 13.0461, 13.2322, 13.4009, 13.553, 13.6889, 13.8093, 13.9147, 14.006, 14.0838, 14.1487, 14.2014, 14.2427
0.977715, 1.12598, 1.29443, 1.48446, 1.69721, 1.93352, 2.19389, 2.47839, 2.7867, 3.11805, 3.47125, 3.84473, 4.23657, 4.64454, 5.06615, 5.49878, 5.93964, 6.38592, 6.83482, 7.28358, 7.72958, 8.17031, 8.60348, 9.02696, 9.43889, 9.83758, 10.2216, 10.5898, 10.9412, 11.2749, 11.5905, 11.8876, 12.1659, 12.4254, 12.6662, 12.8884, 13.0925, 13.2788, 13.4477, 13.5998, 13.7358, 13.8561, 13.9615, 14.0527, 14.1303, 14.195, 14.2475, 14.2885
0.982747, 1.13171, 1.30095, 1.49185, 1.70557, 1.94295, 2.20448, 2.49023, 2.79987, 3.13263, 3.48732, 3.86235, 4.25578, 4.66538, 5.08866, 5.52296, 5.96549, 6.41344, 6.86398, 7.31435, 7.76191, 8.20415, 8.63876, 9.06362, 9.47684, 9.87676, 10.2619, 10.6312, 10.9835, 11.3181, 11.6345, 11.9323, 12.2112, 12.4712, 12.7124, 12.9351, 13.1395, 13.326, 13.495, 13.6473, 13.7832, 13.9036, 14.0089, 14.1, 14.1774, 14.2419, 14.2941, 14.3348
0.98786, 1.13754, 1.30757, 1.49937, 1.71407, 1.95253, 2.21523, 2.50225, 2.81324, 3.14743, 3.50363, 3.88022, 4.27528, 4.68653, 5.1115, 5.54749, 5.99173, 6.44136, 6.89356, 7.34556, 7.79469, 8.23846, 8.67453, 9.10079, 9.51533, 9.91648, 10.3028, 10.6731, 11.0264, 11.3619, 11.6791, 11.9775, 12.2571, 12.5177, 12.7593, 12.9824, 13.187, 13.3737, 13.543, 13.6953, 13.8313, 13.9516, 14.0569, 14.1478, 14.2251, 14.2893, 14.3413, 14.3818
0.993057, 1.14346, 1.3143, 1.507, 1.7227, 1.96226, 2.22615, 2.51445, 2.82682, 3.16247, 3.52018, 3.89837, 4.29506, 4.708, 5.13467, 5.57239, 6.01834, 6.46969, 6.92357, 7.37721, 7.82795, 8.27326, 8.71082, 9.13848, 9.55435, 9.95675, 10.3442, 10.7156, 11.0699, 11.4063, 11.7243, 12.0234, 12.3036, 12.5647, 12.8069, 13.0303, 13.2352, 13.4222, 13.5916, 13.744, 13.88, 14.0003, 14.1055, 14.1963, 14.2733, 14.3374, 14.3891, 14.4293
0.998339, 1.14947, 1.32114, 1.51476, 1.73148, 1.97214, 2.23724, 2.52685, 2.84061, 3.17773, 3.537, 3.91679, 4.31515, 4.72979, 5.15819, 5.59765, 6.04535, 6.49843, 6.95401, 7.40933, 7.86169, 8.30856, 8.74761, 9.1767, 9.59392, 9.99758, 10.3862, 10.7587, 11.114, 11.4513, 11.7701, 12.0699, 12.3507, 12.6124, 12.855, 13.0788, 13.284, 13.4712, 13.6408, 13.7933, 13.9294, 14.0496, 14.1547, 14.2453, 14.3222, 14.3861, 14.4375, 14.4773
1.00371, 1.15559, 1.32809, 1.52264, 1.74039, 1.98218, 2.24851, 2.53944, 2.85461, 3.19323, 3.55407, 3.9355, 4.33554, 4.75191, 5.18207, 5.6233, 6.07276, 6.52759, 6.98491, 7.44191, 7.89591, 8.34437, 8.78494, 9.21547, 9.63404, 10.039, 10.4288, 10.8024, 11.1587, 11.4969, 11.8165, 12.1171, 12.3985, 12.6607, 12.9038, 13.1279, 13.3335, 13.5209, 13.6906, 13.8432, 13.9793, 14.0995, 14.2045, 14.295, 14.3717, 14.4353, 14.4865, 14.526
1.00917, 1.1618, 1.33516, 1.53065, 1.74944, 1.99239, 2.25996, 2.55223, 2.86884, 3.20897, 3.5714, 3.95449, 4.35625, 4.77437, 5.2063, 5.64932, 6.10058, 6.55719, 7.01625, 7.47497, 7.93063, 8.38069, 8.8228, 9.25479, 9.67474, 10.081, 10.472, 10.8467, 11.204, 11.5431, 11.8635, 12.1649, 12.447, 12.7097, 12.9532, 13.1778, 13.3836, 13.5713, 13.7411, 13.8938, 14.0299, 14.1501, 14.255, 14.3454, 14.4219, 14.4852, 14.5361, 14.5753
1.01472, 1.16812, 1.34234, 1.53879, 1.75865, 2.00275, 2.27159, 2.56522, 2.88328, 3.22496, 3.58901, 3.97378, 4.37727, 4.79717, 5.23091, 5.67574, 6.12882, 6.58722, 7.04807, 7.50852, 7.96586, 8.41755, 8.8612, 9.29467, 9.71602, 10.1236, 10.5158, 10.8916, 11.2499, 11.59, 11.9112, 12.2133, 12.496, 12.7593, 13.0033, 13.2283, 13.4344, 13.6223, 13.7923, 13.9451, 14.0812, 14.2013, 14.3061, 14.3963, 14.4726, 14.5358, 14.5864, 14.6253
1.02036, 1.17454, 1.34964, 1.54707, 1.768, 2.01329, 2.28341, 2.57843, 2.89796, 3.2412, 3.60689, 3.99337, 4.39862, 4.82032, 5.25589, 5.70257, 6.15748, 6.61771, 7.08035, 7.54256, 8.00161, 8.45494, 8.90017, 9.33513, 9.75789, 10.1667, 10.5602, 10.9372, 11.2965, 11.6375, 11.9596, 12.2624, 12.5458, 12.8097, 13.0541, 13.2794, 13.4859, 13.674, 13.8442, 13.997, 14.1331, 14.2532, 14.3579, 14.448, 14.5241, 14.5869, 14.6373, 14.6758
1.0261, 1.18108, 1.35706, 1.55548, 1.77751, 2.024, 2.29542, 2.59184, 2.91288, 3.2577, 3.62506, 4.01327, 4.42031, 4.84383, 5.28126, 5.7298, 6.18658, 6.64866, 7.11312, 7.57711, 8.03789, 8.49289, 8.93971, 9.37618, 9.80037, 10.2106, 10.6053, 10.9834, 11.3437, 11.6857, 12.0087, 12.3122, 12.5963, 12.8607, 13.1056, 13.3313, 13.5381, 13.7264, 13.8967, 14.0496, 14.1858, 14.3058, 14.4104, 14.5003, 14.5762, 14.6388, 14.6888, 14.727
1.03194, 1.18772, 1.36461, 1.56403, 1.78718, 2.03488, 2.30763, 2.60548, 2.92804, 3.27447, 3.64351, 4.03348, 4.44233, 4.86771, 5.30702, 5.75745, 6.21613, 6.68008, 7.14639, 7.61218, 8.07471, 8.53139, 8.97983, 9.41783, 9.84347, 10.255, 10.651, 11.0302, 11.3917, 11.7346, 12.0584, 12.3627, 12.6474, 12.9124, 13.1578, 13.3839, 13.591, 13.7795, 13.95, 14.103, 14.2391, 14.3591, 14.4636, 14.5533, 14.6289, 14.6913, 14.741, 14.7789
1.03788, 1.19448, 1.37228, 1.57273, 1.797, 2.04595, 2.32004, 2.61934, 2.94344, 3.29151, 3.66227, 4.05402, 4.46471, 4.89197, 5.33318, 5.78554, 6.24613, 6.71199, 7.18016, 7.64778, 8.11209, 8.57047, 9.02054, 9.4601, 9.88719, 10.3001, 10.6974, 11.0778, 11.4403, 11.7841, 12.1088, 12.4139, 12.6993, 12.9648, 13.2107, 13.4372, 13.6446, 13.8333, 14.0039, 14.157, 14.2932, 14.4131, 14.5174, 14.607, 14.6824, 14.7445, 14.7939, 14.8314
1.04392, 1.20135, 1.38009, 1.58158, 1.807, 2.0572, 2.33266, 2.63342, 2.95909, 3.30882, 3.68132, 4.07488, 4.48744, 4.91661, 5.35975, 5.81406, 6.27659, 6.74438, 7.21445, 7.68393, 8.15003, 8.61014, 9.06186, 9.50299, 9.93157, 10.3459, 10.7444, 11.126, 11.4896, 11.8344, 12.16, 12.4658, 12.7519, 13.018, 13.2644, 13.4912, 13.6989, 13.8879, 14.0586, 14.2118, 14.3479, 14.4678, 14.572, 14.6614, 14.7366, 14.7984, 14.8474, 14.8846
1.05007, 1.20835, 1.38804, 1.59058, 1.81716, 2.06864, 2.34549, 2.64774, 2.97501, 3.32642, 3.70069, 4.09608, 4.51053, 4.94164, 5.38675, 5.84303, 6.30753, 6.77728, 7.24927, 7.72062, 8.18854, 8.65041, 9.10381, 9.54652, 9.9766, 10.3923, 10.7921, 11.1749, 11.5396, 11.8854, 12.2119, 12.5185, 12.8052, 13.0719, 13.3188, 13.546, 13.754, 13.9432, 14.1141, 14.2673, 14.4034, 14.5232, 14.6273, 14.7165, 14.7914, 14.8529, 14.9017, 14.9385
1.05633, 1.21547, 1.39612, 1.59973, 1.8275, 2.08028, 2.35853, 2.66231, 2.99119, 3.34431, 3.72037, 4.11763, 4.534, 4.96707, 5.41417, 5.87246, 6.33896, 6.81069, 7.28463, 7.75788, 8.22765, 8.69129, 9.14638, 9.59071, 10.0223, 10.4394, 10.8406, 11.2245, 11.5903, 11.9372, 12.2645, 12.5719, 12.8593, 13.1266, 13.3739, 13.6016, 13.8098, 13.9992, 14.1703, 14.3235, 14.4597, 14.5794, 14.6834, 14.7723, 14.8471, 14.9083, 14.9567, 14.9931
1.0627, 1.22271, 1.40434, 1.60905, 1.83802, 2.09212, 2.3718, 2.67711, 3.00764, 3.3625, 3.74038, 4.13953, 4.55786, 4.99292, 5.44204, 5.90235, 6.37089, 6.84462, 7.32054, 7.79572, 8.26736, 8.7328, 9.18961, 9.63557, 10.0687, 10.4872, 10.8897, 11.2749, 11.6418, 11.9897, 12.3179, 12.6261, 12.9142, 13.182, 13.4299, 13.6579, 13.8665, 14.0561, 14.2273, 14.3806, 14.5167, 14.6363, 14.7402, 14.8289, 14.9034, 14.9643, 15.0124, 15.0484
1.06918, 1.23008, 1.41271, 1.61853, 1.84872, 2.10416, 2.3853, 2.69217, 3.02437, 3.38099, 3.76072, 4.1618, 4.5821, 5.01918, 5.47035, 5.93273, 6.40333, 6.87909, 7.35702, 7.83415, 8.30768, 8.77495, 9.2335, 9.6811, 10.1158, 10.5358, 10.9396, 11.326, 11.6941, 12.0429, 12.372, 12.6811, 12.9698, 13.2383, 13.4866, 13.715, 13.9239, 14.1137, 14.285, 14.4384, 14.5745, 14.6941, 14.7977, 14.8863, 14.9605, 15.0211, 15.0688, 15.1044
1.07578, 1.23759, 1.42123, 1.62817, 1.85961, 2.11641, 2.39903, 2.70749, 3.04138, 3.3998, 3.7814, 4.18443, 4.60674, 5.04588, 5.49913, 5.9636, 6.43628, 6.91412, 7.39407, 7.87319, 8.34864, 8.81775, 9.27806, 9.72734, 10.1636, 10.585, 10.9902, 11.3779, 11.7471, 12.097, 12.427, 12.7368, 13.0263, 13.2953, 13.5441, 13.7729, 13.9821, 14.1722, 14.3436, 14.497, 14.6331, 14.7526, 14.8561, 14.9445, 15.0184, 15.0787, 15.126, 15.1612
1.0825, 1.24523, 1.4299, 1.63799, 1.87069, 2.12887, 2.41299, 2.72307, 3.05869, 3.41892, 3.80244, 4.20744, 4.6318, 5.07302, 5.52838, 5.99497, 6.46977, 6.9497, 7.43172, 7.91284, 8.39023, 8.86122, 9.32331, 9.77428, 10.2121, 10.6351, 11.0416, 11.4306, 11.8009, 12.1518, 12.4828, 12.7934, 13.0836, 13.3532, 13.6025, 13.8317, 14.0412, 14.2315, 14.403, 14.5565, 14.6926, 14.8119, 14.9153, 15.0034, 15.0771, 15.137, 15.184, 15.2187
1.08935, 1.25301, 1.43873, 1.64798, 1.88197, 2.14156, 2.4272, 2.73893, 3.07629, 3.43838, 3.82383, 4.23085, 4.65727, 5.10061, 5.55811, 6.02686, 6.50381, 6.98586, 7.46997, 7.95313, 8.43249, 8.90537, 9.36927, 9.82196, 10.2614, 10.6859, 11.0938, 11.484, 11.8555, 12.2075, 12.5394, 12.8508, 13.1417, 13.4119, 13.6617, 13.8913, 14.1011, 14.2916, 14.4633, 14.6168, 14.7528, 14.872, 14.9752, 15.0631, 15.1365, 15.1961, 15.2427, 15.277
1.09632, 1.26093, 1.44771, 1.65815, 1.89345, 2.15447, 2.44167, 2.75506, 3.0942, 3.45817, 3.84558, 4.25465, 4.68317, 5.12866, 5.58834, 6.05927, 6.5384, 7.02261, 7.50884, 7.99406, 8.47542, 8.95022, 9.41596, 9.87038, 10.3115, 10.7374, 11.1468, 11.5383, 11.911, 12.264, 12.5968, 12.9091, 13.2007, 13.4715, 13.7218, 13.9518, 14.1619, 14.3526, 14.5244, 14.6779, 14.8139, 14.933, 15.0361, 15.1237, 15.1968, 15.256, 15.3022, 15.3361
1.10342, 1.269, 1.45687, 1.66851, 1.90514, 2.16762, 2.45639, 2.77148, 3.11242, 3.4783, 3.86772, 4.27885, 4.70952, 5.15718, 5.61907, 6.09223, 6.57356, 7.05997, 7.54834, 8.03566, 8.51904, 8.99579, 9.46338, 9.91956, 10.3623, 10.7898, 11.2006, 11.5934, 11.9673, 12.3213, 12.6551, 12.9682, 13.2605, 13.532, 13.7828, 14.0131, 14.2235, 14.4144, 14.5863, 14.7399, 14.8759, 14.9949, 15.0977, 15.1851, 15.2579, 15.3168, 15.3626, 15.396
1.11066, 1.27722, 1.46619, 1.67907, 1.91705, 2.181, 2.47138, 2.78819, 3.13097, 3.49879, 3.89023, 4.30348, 4.73631, 5.18619, 5.65033, 6.12573, 6.60931, 7.09794, 7.58849, 8.07793, 8.56337, 9.04209, 9.51156, 9.96952, 10.4139, 10.843, 11.2552, 11.6494, 12.0244, 12.3796, 12.7143, 13.0282, 13.3213, 13.5933, 13.8446, 14.0754, 14.2861, 14.4772, 14.6492, 14.8028, 14.9387, 15.0576, 15.1602, 15.2474, 15.3199, 15.3784, 15.4238, 15.4568
1.11803, 1.2856, 1.47569, 1.68981, 1.92917, 2.19463, 2.48663, 2.8052, 3.14985, 3.51964, 3.91315, 4.32854, 4.76357, 5.2157, 5.68211, 6.1598, 6.64566, 7.13654, 7.6293, 8.1209, 8.60842, 9.08914, 9.56052, 10.0203, 10.4664, 10.897, 11.3107, 11.7062, 12.0824, 12.4387, 12.7744, 13.0892, 13.3829, 13.6556, 13.9074, 14.1386, 14.3495, 14.5408, 14.713, 14.8666, 15.0024, 15.1212, 15.2236, 15.3105, 15.3827, 15.4408, 15.4858, 15.5183
1.12555, 1.29414, 1.48537, 1.70076, 1.94152, 2.2085, 2.50217, 2.82252, 3.16907, 3.54086, 3.93647, 4.35403, 4.79131, 5.24572, 5.71444, 6.19445, 6.68263, 7.17579, 7.67079, 8.16457, 8.65421, 9.13695, 9.61026, 10.0718, 10.5197, 10.9519, 11.3671, 11.7639, 12.1414, 12.4987, 12.8354, 13.151, 13.4455, 13.7188, 13.9711, 14.2027, 14.4139, 14.6054, 14.7777, 14.9313, 15.0671, 15.1857, 15.288, 15.3746, 15.4464, 15.5042, 15.5487, 15.5807
1.13321, 1.30284, 1.49523, 1.71191, 1.9541, 2.22264, 2.51799, 2.84015, 3.18863, 3.56246, 3.9602, 4.37998, 4.81953, 5.27626, 5.74733, 6.2297, 6.72022, 7.2157, 7.71298, 8.20897, 8.70075, 9.18555, 9.66082, 10.1243, 10.5738, 11.0077, 11.4243, 11.8225, 12.2012, 12.5597, 12.8973, 13.2138, 13.509, 13.783, 14.0358, 14.2677, 14.4793, 14.671, 14.8433, 14.997, 15.1327, 15.2512, 15.3532, 15.4395, 15.511, 15.5684, 15.6124, 15.644
1.14103, 1.31171, 1.50529, 1.72328, 1.96691, 2.23704, 2.53411, 2.85811, 3.20855, 3.58445, 3.98436, 4.40638, 4.84825, 5.30734, 5.78079, 6.26555, 6.75845, 7.25629, 7.75588, 8.25412, 8.74807, 9.23495, 9.7122, 10.1775, 10.6288, 11.0643, 11.4825, 11.8821, 12.262, 12.6216, 12.9602, 13.2776, 13.5736, 13.8481, 14.1014, 14.3338, 14.5456, 14.7375, 14.9099, 15.0636, 15.1992, 15.3176, 15.4194, 15.5054, 15.5765, 15.6335, 15.6771, 15.7081
1.14899, 1.32075, 1.51553, 1.73487, 1.97997, 2.25171, 2.55053, 2.87641, 3.22884, 3.60685, 4.00896, 4.43327, 4.87748, 5.33897, 5.81484, 6.30203, 6.79735, 7.29758, 7.7995, 8.30003, 8.79618, 9.28517, 9.76444, 10.2316, 10.6847, 11.1219, 11.5416, 11.9426, 12.3238, 12.6845, 13.0241, 13.3424, 13.6391, 13.9142, 14.168, 14.4008, 14.6129, 14.805, 14.9775, 15.1312, 15.2667, 15.3849, 15.4865, 15.5722, 15.643, 15.6995, 15.7427, 15.7732
1.15712, 1.32997, 1.52598, 1.74668, 1.99328, 2.26666, 2.56726, 2.89504, 3.24951, 3.62966, 4.03401, 4.46064, 4.90724, 5.37116, 5.84949, 6.33915, 6.83693, 7.33958, 7.84388, 8.34672, 8.84511, 9.33624, 9.81754, 10.2867, 10.7416, 11.1804, 11.6016, 12.004, 12.3865, 12.7484, 13.089, 13.4081, 13.7056, 13.9814, 14.2357, 14.4689, 14.6813, 14.8735, 15.0461, 15.1998, 15.3353, 15.4533, 15.5546, 15.64, 15.7104, 15.7665, 15.8092, 15.8392
1.16541, 1.33937, 1.53664, 1.75872, 2.00685, 2.2819, 2.5843, 2.91403, 3.27056, 3.65289, 4.05952, 4.48851, 4.93753, 5.40392, 5.88476, 6.37693, 6.8772, 7.38231, 7.88903, 8.39421, 8.89486, 9.38817, 9.87153, 10.3426, 10.7993, 11.2399, 11.6627, 12.0665, 12.4503, 12.8133, 13.155, 13.475, 13.7732, 14.0496, 14.3044, 14.538, 14.7507, 14.9431, 15.1158, 15.2694, 15.4048, 15.5226, 15.6237, 15.7088, 15.7788, 15.8345, 15.8766, 15.9061
1.17386, 1.34897, 1.5475, 1.771, 2.02069, 2.29744, 2.60168, 2.93338, 3.29201, 3.67656, 4.0855, 4.51689, 4.96838, 5.43729, 5.92066, 6.41537, 6.91818, 7.42579, 7.93496, 8.44252, 8.94547, 9.44098, 9.92644, 10.3995, 10.8581, 11.3003, 11.7247, 12.13, 12.5151, 12.8792, 13.2219, 13.5428, 13.8418, 14.1188, 14.3742, 14.6081, 14.8211, 15.0137, 15.1865, 15.3401, 15.4754, 15.593, 15.6938, 15.7786, 15.8482, 15.9034, 15.945, 15.974
1.18249, 1.35876, 1.55859, 1.78352, 2.0348, 2.31327, 2.61939, 2.9531, 3.31387, 3.70067, 4.11197, 4.5458, 4.9998, 5.47126, 5.95722, 6.45451, 6.95989, 7.47004, 7.98169, 8.49168, 8.99696, 9.4947, 9.98228, 10.4573, 10.9178, 11.3618, 11.7878, 12.1945, 12.5809, 12.9462, 13.29, 13.6118, 13.9115, 14.1892, 14.445, 14.6794, 14.8926, 15.0854, 15.2582, 15.4119, 15.547, 15.6644, 15.7649, 15.8494, 15.9186, 15.9733, 16.0145, 16.0428
1.1913, 1.36875, 1.5699, 1.7963, 2.04919, 2.32943, 2.63745, 2.9732, 3.33615, 3.72524, 4.13894, 4.57525, 5.0318, 5.50586, 5.99444, 6.49436, 7.00235, 7.51508, 8.02926, 8.54169, 9.04934, 9.54934, 10.0391, 10.5162, 10.9785, 11.4243, 11.8519, 12.2601, 12.6478, 13.0144, 13.3591, 13.6818, 13.9823, 14.2607, 14.517, 14.7517, 14.9653, 15.1582, 15.3311, 15.4847, 15.6197, 15.7369, 15.8372, 15.9213, 15.99, 16.0443, 16.0849, 16.1126
1.20029, 1.37894, 1.58144, 1.80933, 2.06386, 2.3459, 2.65586, 2.9937, 3.35886, 3.75029, 4.16642, 4.60526, 5.0644, 5.5411, 6.03234, 6.53494, 7.04558, 7.56093, 8.07767, 8.59259, 9.10264, 9.60494, 10.0969, 10.576, 11.0403, 11.4878, 11.9171, 12.3267, 12.7158, 13.0836, 13.4294, 13.753, 14.0543, 14.3333, 14.5901, 14.8252, 15.0391, 15.2321, 15.4051, 15.5586, 15.6935, 15.8105, 15.9105, 15.9942, 16.0625, 16.1163, 16.1563, 16.1835
1.20947, 1.38935, 1.59322, 1.82263, 2.07884, 2.3627, 2.67464, 3.0146, 3.38202, 3.77582, 4.19443, 4.63584, 5.09762, 5.577, 6.07095, 6.57626, 7.0896, 7.60761, 8.12695, 8.6444, 9.15688, 9.66151, 10.1556, 10.6369, 11.1031, 11.5524, 11.9833, 12.3945, 12.785, 13.1539, 13.5008, 13.8254, 14.1274, 14.407, 14.6644, 14.8999, 15.114, 15.3072, 15.4802, 15.6337, 15.7685, 15.8852, 15.9849, 16.0682, 16.1361, 16.1894, 16.2288, 16.2554
1.21885, 1.39998, 1.60524, 1.83621, 2.09412, 2.37985, 2.6938, 3.03592, 3.40563, 3.80185, 4.22299, 4.66701, 5.13147, 5.61358, 6.11028, 6.61835, 7.13443, 7.65514, 8.17712, 8.69714, 9.21209, 9.71908, 10.2155, 10.6988, 11.167, 11.6182, 12.0507, 12.4635, 12.8553, 13.2255, 13.5734, 13.8989, 14.2017, 14.482, 14.7399, 14.9758, 15.1901, 15.3835, 15.5565, 15.71, 15.8446, 15.9611, 16.0604, 16.1434, 16.2108, 16.2635, 16.3024, 16.3283
1.22843, 1.41083, 1.61752, 1.85007, 2.10972, 2.39734, 2.71335, 3.05767, 3.42972, 3.82839, 4.2521, 4.69878, 5.16596, 5.65085, 6.15036, 6.66123, 7.1801, 7.70355, 8.22821, 8.75083, 9.26829, 9.77768, 10.2763, 10.7618, 11.232, 11.685, 12.1193, 12.5336, 12.9268, 13.2982, 13.6473, 13.9737, 14.2773, 14.5582, 14.8166, 15.0528, 15.2675, 15.461, 15.6341, 15.7874, 15.9219, 16.0381, 16.1371, 16.2197, 16.2866, 16.3388, 16.3771, 16.4024
1.23822, 1.42192, 1.63006, 1.86422, 2.12565, 2.4152, 2.7333, 3.07986, 3.45428, 3.85547, 4.28179, 4.73117, 5.20113, 5.68884, 6.1912, 6.70492, 7.22662, 7.75285, 8.28024, 8.80551, 9.32551, 9.83734, 10.3383, 10.8259, 11.2982, 11.7531, 12.1891, 12.6049, 12.9995, 13.3722, 13.7223, 14.0497, 14.3541, 14.6356, 14.8945, 15.1312, 15.346, 15.5397, 15.7128, 15.8661, 16.0003, 16.1164, 16.215, 16.2971, 16.3636, 16.4152, 16.4529, 16.4775
1.24822, 1.43325, 1.64287, 1.87868, 2.14191, 2.43343, 2.75366, 3.1025, 3.47935, 3.88308, 4.31207, 4.7642, 5.23699, 5.72757, 6.23282, 6.74945, 7.27401, 7.80308, 8.33324, 8.86119, 9.38378, 9.89807, 10.4014, 10.8912, 11.3655, 11.8223, 12.26, 12.6774, 13.0735, 13.4474, 13.7986, 14.1269, 14.4321, 14.7143, 14.9737, 15.2108, 15.4259, 15.6197, 15.7928, 15.946, 16.0801, 16.1958, 16.2941, 16.3758, 16.4417, 16.4928, 16.5299, 16.5538
1.25844, 1.44482, 1.65596, 1.89344, 2.15851, 2.45204, 2.77444, 3.12561, 3.50493, 3.91126, 4.34295, 4.79789, 5.27355, 5.76706, 6.27526, 6.79482, 7.32232, 7.85426, 8.38723, 8.9179, 9.44312, 9.95991, 10.4656, 10.9577, 11.434, 11.8927, 12.3322, 12.7513, 13.1487, 13.5239, 13.8763, 14.2055, 14.5115, 14.7943, 15.0543, 15.2917, 15.507, 15.7009, 15.8741, 16.0272, 16.1611, 16.2765, 16.3744, 16.4556, 16.5211, 16.5715, 16.608, 16.6312
1.26889, 1.45665, 1.66934, 1.90852, 2.17548, 2.47105, 2.79566, 3.1492, 3.53103, 3.94001, 4.37447, 4.83226, 5.31085, 5.80732, 6.31852, 6.84108, 7.37154, 7.90642, 8.44224, 8.97568, 9.50356, 10.0229, 10.531, 11.0253, 11.5038, 11.9644, 12.4057, 12.8264, 13.2253, 13.6017, 13.9552, 14.2854, 14.5922, 14.8757, 15.1361, 15.3739, 15.5895, 15.7835, 15.9567, 16.1097, 16.2433, 16.3585, 16.456, 16.5368, 16.6016, 16.6515, 16.6873, 16.7098
1.27958, 1.46875, 1.68301, 1.92394, 2.19281, 2.49047, 2.81734, 3.17329, 3.55769, 3.96936, 4.40663, 4.86733, 5.34889, 5.84839, 6.36263, 6.88824, 7.42173, 7.95957, 8.4983, 9.03455, 9.56513, 10.087, 10.5976, 11.0942, 11.5748, 12.0374, 12.4805, 12.9028, 13.3032, 13.6809, 14.0355, 14.3667, 14.6743, 14.9584, 15.2194, 15.4575, 15.6734, 15.8675, 16.0406, 16.1935, 16.3269, 16.4418, 16.5389, 16.6192, 16.6835, 16.7327, 16.7678, 16.7896
1.29051, 1.48112, 1.69699, 1.93969, 2.21052, 2.51031, 2.83948, 3.19789, 3.5849, 3.99932, 4.43945, 4.90311, 5.3877, 5.89028, 6.40763, 6.93633, 7.47289, 8.01376, 8.55544, 9.09454, 9.62787, 10.1524, 10.6654, 11.1644, 11.6471, 12.1117, 12.5567, 12.9806, 13.3825, 13.7615, 14.1173, 14.4494, 14.7578, 15.0426, 15.304, 15.5425, 15.7586, 15.9528, 16.1259, 16.2787, 16.4119, 16.5264, 16.6231, 16.7029, 16.7666, 16.8152, 16.8496, 16.8706
1.30169, 1.49378, 1.71128, 1.9558, 2.22862, 2.53059, 2.8621, 3.22302, 3.61269, 4.02991, 4.47296, 4.93963, 5.42731, 5.93302, 6.45352, 6.98539, 7.52507, 8.069, 8.61368, 9.15569, 9.6918, 10.219, 10.7345, 11.2358, 11.7208, 12.1874, 12.6342, 13.0598, 13.4631, 13.8435, 14.2004, 14.5335, 14.8427, 15.1282, 15.3901, 15.629, 15.8453, 16.0396, 16.2127, 16.3653, 16.4982, 16.6124, 16.7086, 16.7879, 16.8511, 16.899, 16.9327, 16.9529
1.31314, 1.50672, 1.7259, 1.97228, 2.24713, 2.55131, 2.88521, 3.2487, 3.64108, 4.06116, 4.50718, 4.97692, 5.46774, 5.97664, 6.50035, 7.03542, 7.57828, 8.12534, 8.67306, 9.21802, 9.75696, 10.2868, 10.8049, 11.3086, 11.7958, 12.2645, 12.7131, 13.1404, 13.5453, 13.927, 14.285, 14.6191, 14.9291, 15.2152, 15.4777, 15.7169, 15.9334, 16.1278, 16.3008, 16.4533, 16.586, 16.6998, 16.7956, 16.8743, 16.9369, 16.9841, 17.017, 17.0365
1.32486, 1.51997, 1.74086, 1.98913, 2.26606, 2.5725, 2.90884, 3.27494, 3.67009, 4.09307, 4.54212, 5.01499, 5.50901, 6.02116, 6.54814, 7.08647, 7.63256, 8.1828, 8.73362, 9.28157, 9.82338, 10.356, 10.8766, 11.3828, 11.8722, 12.343, 12.7935, 13.2225, 13.6289, 14.012, 14.3712, 14.7062, 15.0171, 15.3038, 15.5668, 15.8063, 16.023, 16.2175, 16.3905, 16.5428, 16.6752, 16.7886, 16.8839, 16.9621, 17.024, 17.0706, 17.1028, 17.1214
1.33685, 1.53353, 1.75616, 2.00637, 2.28542, 2.59417, 2.933, 3.30176, 3.69973, 4.12568, 4.57781, 5.05387, 5.55115, 6.06661, 6.59692, 7.13857, 7.68795, 8.24141, 8.79538, 9.34637, 9.8911, 10.4265, 10.9498, 11.4584, 11.9501, 12.423, 12.8754, 13.3061, 13.7141, 14.0985, 14.4588, 14.7949, 15.1066, 15.394, 15.6574, 15.8973, 16.1142, 16.3087, 16.4817, 16.6337, 16.7659, 16.8789, 16.9737, 17.0513, 17.1126, 17.1585, 17.1898, 17.2076
1.34914, 1.54742, 1.77183, 2.02401, 2.30522, 2.61633, 2.95771, 3.32918, 3.73003, 4.159, 4.61428, 5.09358, 5.59418, 6.11301, 6.64671, 7.19174, 7.74447, 8.30122, 8.85838, 9.41246, 9.96016, 10.4984, 11.0243, 11.5354, 12.0294, 12.5044, 12.9588, 13.3913, 13.8008, 14.1866, 14.5481, 14.8851, 15.1976, 15.4857, 15.7496, 15.9899, 16.2069, 16.4015, 16.5744, 16.7263, 16.8581, 16.9707, 17.065, 17.142, 17.2026, 17.2477, 17.2783, 17.2952
1.36172, 1.56164, 1.78788, 2.04207, 2.32549, 2.63901, 2.98297, 3.35722, 3.76101, 4.19306, 4.65155, 5.13416, 5.63815, 6.1604, 6.69755, 7.24603, 7.80216, 8.36224, 8.92266, 9.47988, 10.0306, 10.5717, 11.1003, 11.6139, 12.1103, 12.5875, 13.0438, 13.478, 13.8891, 14.2763, 14.639, 14.977, 15.2904, 15.5791, 15.8435, 16.084, 16.3013, 16.4959, 16.6687, 16.8204, 16.9518, 17.064, 17.1578, 17.2342, 17.2941, 17.3385, 17.3682, 17.3842
1.37462, 1.57621, 1.80431, 2.06056, 2.34624, 2.66221, 3.00883, 3.3859, 3.79269, 4.22789, 4.68965, 5.17563, 5.68306, 6.20882, 6.74948, 7.30146, 7.86105, 8.42453, 8.98825, 9.54867, 10.1024, 10.6464, 11.1778, 11.694, 12.1927, 12.6721, 13.1304, 13.5664, 13.9791, 14.3676, 14.7316, 15.0706, 15.3848, 15.6741, 15.939, 16.1799, 16.3973, 16.592, 16.7646, 16.9161, 17.0472, 17.1589, 17.2522, 17.328, 17.3871, 17.4307, 17.4596, 17.4747
1.38784, 1.59114, 1.82114, 2.07949, 2.36749, 2.68597, 3.03528, 3.41525, 3.82509, 4.2635, 4.72859, 5.21802, 5.72896, 6.25828, 6.80252, 7.35806, 7.92118, 8.48812, 9.0552, 9.61887, 10.1757, 10.7227, 11.2569, 11.7756, 12.2768, 12.7584, 13.2187, 13.6565, 14.0708, 14.4607, 14.8259, 15.1659, 15.4809, 15.7709, 16.0363, 16.2774, 16.495, 16.6897, 16.8622, 17.0134, 17.1442, 17.2555, 17.3482, 17.4233, 17.4817, 17.5244, 17.5524, 17.5666
1.40139, 1.60644, 1.83839, 2.09889, 2.38924, 2.71029, 3.06237, 3.44528, 3.85824, 4.29992, 4.76842, 5.26135, 5.77588, 6.30883, 6.85671, 7.41589, 7.98259, 8.55305, 9.12355, 9.69052, 10.2506, 10.8005, 11.3375, 11.8589, 12.3625, 12.8463, 13.3087, 13.7483, 14.1642, 14.5556, 14.9219, 15.263, 15.5788, 15.8694, 16.1353, 16.3767, 16.5945, 16.7891, 16.9615, 17.1125, 17.2429, 17.3536, 17.4458, 17.5202, 17.5778, 17.6197, 17.6468, 17.66
1.41529, 1.62213, 1.85607, 2.11877, 2.41153, 2.73519, 3.09009, 3.47602, 3.89217, 4.33719, 4.80916, 5.30567, 5.82385, 6.36049, 6.91209, 7.47496, 8.04532, 8.61936, 9.19334, 9.76366, 10.3269, 10.8799, 11.4198, 11.9439, 12.4499, 12.936, 13.4005, 13.8419, 14.2594, 14.6522, 15.0198, 15.3619, 15.6785, 15.9698, 16.2361, 16.4779, 16.6957, 16.8904, 17.0626, 17.2133, 17.3433, 17.4535, 17.545, 17.6187, 17.6756, 17.7166, 17.7428, 17.755
1.42955, 1.63822, 1.87419, 2.13915, 2.43437, 2.76071, 3.11849, 3.50749, 3.9269, 4.37533, 4.85084, 5.351, 5.8729, 6.41332, 6.9687, 7.53534, 8.10941, 8.6871, 9.26462, 9.83835, 10.4049, 10.961, 11.5037, 12.0305, 12.5391, 13.0275, 13.494, 13.9374, 14.3565, 14.7507, 15.1195, 15.4626, 15.7801, 16.072, 16.3387, 16.5808, 16.7988, 16.9934, 17.1655, 17.3158, 17.4454, 17.5551, 17.646, 17.719, 17.775, 17.8152, 17.8404, 17.8516
1.44419, 1.65472, 1.89278, 2.16004, 2.45778, 2.78686, 3.14758, 3.53972, 3.96245, 4.41436, 4.89349, 5.39737, 5.92308, 6.46733, 7.02658, 7.59705, 8.17491, 8.7563, 9.33742, 9.91463, 10.4844, 11.0437, 11.5894, 12.119, 12.6301, 13.1208, 13.5894, 14.0347, 14.4555, 14.8511, 15.2212, 15.5653, 15.8836, 16.1761, 16.4433, 16.6857, 16.9037, 17.0983, 17.2702, 17.4202, 17.5494, 17.6585, 17.7487, 17.8209, 17.8762, 17.9154, 17.9396, 17.9497
1.45921, 1.67166, 1.91186, 2.18146, 2.48178, 2.81366, 3.17739, 3.57275, 3.99887, 4.45433, 4.93716, 5.44483, 5.97441, 6.52259, 7.08576, 7.66014, 8.24186, 8.82702, 9.41181, 9.99254, 10.5657, 11.1282, 11.6769, 12.2092, 12.7229, 13.216, 13.6868, 14.1339, 14.5564, 14.9535, 15.3248, 15.67, 15.989, 16.2822, 16.5498, 16.7924, 17.0106, 17.2052, 17.3768, 17.5265, 17.6552, 17.7638, 17.8533, 17.9247, 17.9791, 18.0173, 18.0405, 18.0496
1.47464, 1.68905, 1.93143, 2.20344, 2.5064, 2.84113, 3.20795, 3.60658, 4.03617, 4.49527, 4.98186, 5.49341, 6.02695, 6.57912, 7.1463, 7.72466, 8.31031, 8.89931, 9.48783, 10.0721, 10.6488, 11.2144, 11.7662, 12.3014, 12.8177, 13.3132, 13.7861, 14.2352, 14.6594, 15.0579, 15.4304, 15.7766, 16.0965, 16.3903, 16.6584, 16.9012, 17.1195, 17.314, 17.4854, 17.6347, 17.7629, 17.8709, 17.9597, 18.0303, 18.0837, 18.121, 18.1432, 18.1511
1.49049, 1.70691, 1.95152, 2.226, 2.53166, 2.86932, 3.23928, 3.64127, 4.0744, 4.5372, 5.02764, 5.54315, 6.08072, 6.63697, 7.20823, 7.79066, 8.38031, 8.97322, 9.56553, 10.1535, 10.7336, 11.3026, 11.8574, 12.3955, 12.9145, 13.4123, 13.8874, 14.3385, 14.7644, 15.1644, 15.5382, 15.8854, 16.2061, 16.5005, 16.769, 17.0121, 17.2304, 17.4248, 17.596, 17.7449, 17.8725, 17.9799, 18.0679, 18.1377, 18.1902, 18.2265, 18.2476, 18.2544
1.50678, 1.72526, 1.97215, 2.24916, 2.55758, 2.89823, 3.27141, 3.67683, 4.11358, 4.58018, 5.07454, 5.59409, 6.13578, 6.69618, 7.27161, 7.85818, 8.4519, 9.0488, 9.64497, 10.2367, 10.8203, 11.3926, 11.9506, 12.4916, 13.0133, 13.5136, 13.9909, 14.4439, 14.8715, 15.273, 15.648, 15.9963, 16.3178, 16.6129, 16.8818, 17.1251, 17.3434, 17.5377, 17.7086, 17.8571, 17.9842, 18.0909, 18.1782, 18.2471, 18.2986, 18.3339, 18.3538, 18.3595
1.52352, 1.74411, 1.99335, 2.27294, 2.58418, 2.9279, 3.30437, 3.7133, 4.15375, 4.62422, 5.1226, 5.64628, 6.19217, 6.75682, 7.33649, 7.92728, 8.52515, 9.12611, 9.72621, 10.3217, 10.9089, 11.4846, 12.0458, 12.5898, 13.1141, 13.6169, 14.0965, 14.5515, 14.9808, 15.3839, 15.7601, 16.1094, 16.4318, 16.7274, 16.9967, 17.2402, 17.4586, 17.6527, 17.8233, 17.9714, 18.0979, 18.2039, 18.2904, 18.3584, 18.409, 18.4431, 18.4619, 18.4663
1.54073, 1.76349, 2.01513, 2.29737, 2.6115, 2.95836, 3.3382, 3.75071, 4.19496, 4.66938, 5.17187, 5.69975, 6.24993, 6.81891, 7.40292, 7.99801, 8.60012, 9.20521, 9.8093, 10.4086, 10.9995, 11.5787, 12.1431, 12.6901, 13.2172, 13.7225, 14.2043, 14.6613, 15.0924, 15.497, 15.8745, 16.2248, 16.548, 16.8442, 17.1139, 17.3576, 17.576, 17.7699, 17.9402, 18.0878, 18.2138, 18.319, 18.4047, 18.4717, 18.5213, 18.5543, 18.572, 18.5751
1.55844, 1.78341, 2.03752, 2.32247, 2.63957, 2.98964, 3.37293, 3.78911, 4.23723, 4.7157, 5.22238, 5.75457, 6.30912, 6.88252, 7.47095, 8.07042, 8.67685, 9.28615, 9.89432, 10.4975, 11.0922, 11.6748, 12.2425, 12.7926, 13.3225, 13.8303, 14.3144, 14.7734, 15.2063, 15.6124, 15.9912, 16.3425, 16.6665, 16.9633, 17.2333, 17.4772, 17.6956, 17.8894, 18.0593, 18.2065, 18.3318, 18.4363, 18.5211, 18.5872, 18.6356, 18.6675, 18.6839, 18.6858
1.57667, 1.80391, 2.06054, 2.34827, 2.66841, 3.02177, 3.40859, 3.82853, 4.2806, 4.76322, 5.27418, 5.81077, 6.3698, 6.94771, 7.54065, 8.14459, 8.75541, 9.369, 9.98132, 10.5885, 11.1869, 11.7732, 12.3442, 12.8973, 13.4301, 13.9405, 14.4269, 14.888, 15.3227, 15.7302, 16.1103, 16.4627, 16.7874, 17.0848, 17.3552, 17.5992, 17.8176, 18.0112, 18.1808, 18.3274, 18.452, 18.5557, 18.6396, 18.7047, 18.7521, 18.7828, 18.7979, 18.7985
1.59543, 1.82501, 2.08423, 2.37481, 2.69806, 3.05478, 3.44522, 3.86901, 4.32514, 4.81198, 5.32732, 5.8684, 6.432, 7.01452, 7.61207, 8.22057, 8.83588, 9.45383, 10.0704, 10.6816, 11.2839, 11.8738, 12.4482, 13.0044, 13.5401, 14.0531, 14.5419, 15.005, 15.4414, 15.8506, 16.2319, 16.5853, 16.9108, 17.2088, 17.4795, 17.7237, 17.942, 18.1353, 18.3045, 18.4506, 18.5745, 18.6774, 18.7604, 18.8244, 18.8706, 18.9001, 18.914, 18.9132
1.61476, 1.84673, 2.1086, 2.40211, 2.72855, 3.08873, 3.48287, 3.91059, 4.37086, 4.86204, 5.38186, 5.92754, 6.4958, 7.08302, 7.68527, 8.29843, 8.9183, 9.54071, 10.1616, 10.7769, 11.3831, 11.9767, 12.5545, 13.114, 13.6525, 14.1682, 14.6593, 15.1245, 15.5628, 15.9735, 16.3561, 16.7105, 17.0368, 17.3353, 17.6064, 17.8507, 18.0689, 18.262, 18.4307, 18.5762, 18.6994, 18.8015, 18.8834, 18.9464, 18.9914, 19.0197, 19.0321, 19.0299
1.63467, 1.8691, 2.1337, 2.4302, 2.75991, 3.12363, 3.52157, 3.95332, 4.41784, 4.91344, 5.43785, 5.98822, 6.56126, 7.15328, 7.76032, 8.37823, 9.00277, 9.62972, 10.2549, 10.8745, 11.4847, 12.082, 12.6633, 13.226, 13.7675, 14.2859, 14.7794, 15.2467, 15.6868, 16.099, 16.4829, 16.8383, 17.1654, 17.4644, 17.7358, 17.9802, 18.1983, 18.3911, 18.5594, 18.7043, 18.8267, 18.9279, 19.0088, 19.0706, 19.1145, 19.1414, 19.1525, 19.1488
1.6552, 1.89215, 2.15955, 2.45912, 2.79219, 3.15953, 3.56136, 3.99724, 4.46611, 4.96625, 5.49534, 6.05051, 6.62843, 7.22536, 7.8373, 8.46005, 9.08935, 9.72092, 10.3506, 10.9744, 11.5886, 12.1898, 12.7747, 13.3406, 13.8852, 14.4062, 14.9021, 15.3715, 15.8135, 16.2272, 16.6124, 16.9689, 17.2967, 17.5962, 17.8679, 18.1124, 18.3304, 18.5228, 18.6906, 18.8348, 18.9565, 19.0567, 19.1366, 19.1973, 19.2398, 19.2654, 19.2751, 19.2699
1.67637, 1.91591, 2.18618, 2.48891, 2.82542, 3.19648, 3.6023, 4.04241, 4.51573, 5.02051, 5.5544, 6.11449, 6.69738, 7.29933, 7.91627, 8.54397, 9.17811, 9.8144, 10.4486, 11.0768, 11.6951, 12.3001, 12.8887, 13.4579, 14.0055, 14.5293, 15.0276, 15.4992, 15.943, 16.3583, 16.7448, 17.1022, 17.4308, 17.7308, 18.0028, 18.2473, 18.4651, 18.6572, 18.8245, 18.968, 19.0889, 19.1881, 19.2669, 19.3263, 19.3676, 19.3918, 19.4, 19.3932
1.69821, 1.94042, 2.21363, 2.51961, 2.85965, 3.23453, 3.64443, 4.08888, 4.56676, 5.0763, 5.61509, 6.1802, 6.7682, 7.37527, 7.99731, 8.63006, 9.26915, 9.91025, 10.5491, 11.1817, 11.8042, 12.4132, 13.0054, 13.578, 14.1286, 14.6552, 15.156, 15.6297, 16.0754, 16.4923, 16.88, 17.2385, 17.5678, 17.8683, 18.1405, 18.385, 18.6027, 18.7944, 18.9611, 19.1039, 19.2238, 19.3221, 19.3997, 19.4579, 19.4978, 19.5205, 19.5272, 19.5189
1.72076, 1.9657, 2.24194, 2.55125, 2.89491, 3.27371, 3.6878, 4.1367, 4.61925, 5.13366, 5.67748, 6.24773, 6.84094, 7.45324, 8.08051, 8.71841, 9.36255, 10.0086, 10.6521, 11.2893, 11.916, 12.529, 13.1249, 13.701, 14.2547, 14.7841, 15.2874, 15.7633, 16.2108, 16.6292, 17.0182, 17.3777, 17.7077, 18.0087, 18.2811, 18.5256, 18.7431, 18.9344, 19.1005, 19.2425, 19.3615, 19.4587, 19.5351, 19.592, 19.6305, 19.6518, 19.6569, 19.6469
1.74404, 1.99179, 2.27115, 2.58387, 2.93126, 3.31408, 3.73247, 4.18593, 4.67328, 5.19267, 5.74163, 6.31714, 6.91568, 7.53335, 8.16594, 8.80911, 9.4584, 10.1094, 10.7578, 11.3995, 12.0306, 12.6476, 13.2473, 13.8269, 14.3838, 14.916, 15.4218, 15.8999, 16.3493, 16.7693, 17.1596, 17.52, 17.8508, 18.1522, 18.4248, 18.6693, 18.8865, 19.0773, 19.2428, 19.384, 19.502, 19.5981, 19.6733, 19.7288, 19.7659, 19.7856, 19.789, 19.7774
1.7681, 2.01874, 2.3013, 2.61754, 2.96875, 3.3557, 3.7785, 4.23664, 4.7289, 5.2534, 5.80763, 6.38853, 6.99252, 7.61566, 8.2537, 8.90225, 9.5568, 10.2129, 10.8662, 11.5126, 12.1481, 12.7693, 13.3728, 13.9559, 14.516, 15.051, 15.5594, 16.0397, 16.491, 16.9126, 17.3041, 17.6655, 17.997, 18.2988, 18.5716, 18.816, 19.0329, 19.2232, 19.388, 19.5284, 19.6454, 19.7403, 19.8142, 19.8683, 19.9039, 19.922, 19.9237, 19.9103
1.79296, 2.04659, 2.33244, 2.65229, 3.00743, 3.39861, 3.82595, 4.28888, 4.78618, 5.31592, 5.87555, 6.46196, 7.07154, 7.70027, 8.34389, 8.99792, 9.65784, 10.3191, 10.9774, 11.6286, 12.2686, 12.894, 13.5014, 14.088, 14.6514, 15.1894, 15.7003, 16.1828, 16.636, 17.0591, 17.4519, 17.8143, 18.1464, 18.4487, 18.7216, 18.9659, 19.1825, 19.3723, 19.5363, 19.6758, 19.7918, 19.8854, 19.958, 20.0107, 20.0446, 20.0611, 20.0611, 20.0459
1.81869, 2.07537, 2.36461, 2.68818, 3.04736, 3.44289, 3.87488, 4.34274, 4.8452, 5.38031, 5.94548, 6.53754, 7.15282, 7.78729, 8.4366, 9.09624, 9.76163, 10.4282, 11.0916, 11.7476, 12.3922, 13.0219, 13.6333, 14.2235, 14.7901, 15.3311, 15.8446, 16.3293, 16.7844, 17.2091, 17.6032, 17.9665, 18.2993, 18.6019, 18.8749, 19.1191, 19.3353, 19.5245, 19.6878, 19.8263, 19.9411, 20.0335, 20.1047, 20.1559, 20.1882, 20.2029, 20.2012, 20.1841
1.84531, 2.10515, 2.39787, 2.72526, 3.08859, 3.4886, 3.92537, 4.39828, 4.90605, 5.44666, 6.0175, 6.61534, 7.23648, 7.8768, 8.53193, 9.1973, 9.86829, 10.5403, 11.2089, 11.8698, 12.5191, 13.1531, 13.7685, 14.3624, 14.9324, 15.4763, 15.9924, 16.4794, 16.9364, 17.3627, 17.758, 18.1222, 18.4556, 18.7585, 19.0316, 19.2757, 19.4915, 19.6801, 19.8425, 19.98, 20.0937, 20.1848, 20.2545, 20.304, 20.3347, 20.3476, 20.344, 20.325
1.87287, 2.13596, 2.43227, 2.76359, 3.13119, 3.5358, 3.97748, 4.45559, 4.96879, 5.51506, 6.09171, 6.69548, 7.3226, 7.96892, 8.63, 9.30123, 9.97794, 10.6555, 11.3294, 11.9953, 12.6493, 13.2877, 13.9072, 14.5049, 15.0782, 15.6251, 16.1438, 16.6331, 17.092, 17.5199, 17.9164, 18.2816, 18.6156, 18.9188, 19.1919, 19.4357, 19.6511, 19.839, 20.0006, 20.137, 20.2495, 20.3392, 20.4074, 20.4553, 20.4842, 20.4953, 20.4897, 20.4687
1.90143, 2.16786, 2.46787, 2.80323, 3.17523, 3.58457, 4.0313, 4.51474, 5.03353, 5.58559, 6.16821, 6.77805, 7.4113, 8.06376, 8.73093, 9.40815, 10.0907, 10.7739, 11.4532, 12.1243, 12.7831, 13.426, 14.0496, 14.651, 15.2278, 15.7777, 16.2991, 16.7907, 17.2515, 17.6809, 18.0786, 18.4447, 18.7792, 19.0828, 19.3559, 19.5994, 19.8143, 20.0015, 20.1621, 20.2974, 20.4086, 20.4968, 20.5635, 20.6097, 20.6368, 20.646, 20.6384, 20.6153
1.93103, 2.20092, 2.50473, 2.84426, 3.22079, 3.63499, 4.0869, 4.57582, 5.10035, 5.65837, 6.24709, 6.86316, 7.5027, 8.16144, 8.83484, 9.51818, 10.2067, 10.8956, 11.5804, 12.2567, 12.9205, 13.5679, 14.1958, 14.801, 15.3812, 15.9342, 16.4583, 16.9521, 17.4149, 17.8458, 18.2448, 18.6117, 18.9468, 19.2506, 19.5237, 19.7669, 19.9812, 20.1676, 20.3273, 20.4614, 20.5712, 20.6579, 20.7229, 20.7673, 20.7925, 20.7997, 20.7901, 20.7649
1.96174, 2.23518, 2.54293, 2.88675, 3.26793, 3.68714, 4.14439, 4.63894, 5.16936, 5.73349, 6.32849, 6.95094, 7.59691, 8.26209, 8.94186, 9.63146, 10.326, 11.0209, 11.7113, 12.3929, 13.0616, 13.7137, 14.3458, 14.955, 15.5387, 16.0947, 16.6215, 17.1177, 17.5823, 18.0149, 18.415, 18.7827, 19.1184, 19.4223, 19.6953, 19.9382, 20.1519, 20.3375, 20.4961, 20.6289, 20.7373, 20.8225, 20.8857, 20.9283, 20.9516, 20.9567, 20.945, 20.9176
1.99361, 2.27073, 2.58252, 2.93076, 3.31674, 3.74111, 4.20384, 4.70419, 5.24067, 5.81106, 6.4125, 7.0415, 7.69407, 8.36584, 9.05213, 9.74813, 10.4489, 11.1498, 11.8459, 12.533, 13.2068, 13.8636, 14.5, 15.1131, 15.7003, 16.2595, 16.789, 17.2875, 17.7541, 18.1881, 18.5894, 18.958, 19.2941, 19.5982, 19.8711, 20.1135, 20.3265, 20.5112, 20.6687, 20.8003, 20.9072, 20.9907, 21.0521, 21.0928, 21.114, 21.117, 21.1031, 21.0734
2.02672, 2.30762, 2.62358, 2.97639, 3.36731, 3.79699, 4.26537, 4.77168, 5.31438, 5.89122, 6.49927, 7.13498, 7.79432, 8.47283, 9.1658, 9.86834, 10.5755, 11.2825, 11.9844, 12.677, 13.356, 14.0176, 14.6585, 15.2755, 15.8663, 16.4287, 16.9609, 17.4617, 17.9302, 18.3657, 18.7682, 19.1375, 19.474, 19.7783, 20.051, 20.293, 20.5053, 20.689, 20.8453, 20.9755, 21.0808, 21.1626, 21.2222, 21.2608, 21.2799, 21.2808, 21.2645, 21.2325
2.06113, 2.34595, 2.66621, 3.02372, 3.41974, 3.85488, 4.32908, 4.84152, 5.39062, 5.97408, 6.58891, 7.23152, 7.89779, 8.58323, 9.28303, 9.99226, 10.7059, 11.4191, 12.1271, 12.8253, 13.5095, 14.176, 14.8213, 15.4424, 16.0368, 16.6024, 17.1373, 17.6404, 18.1108, 18.5479, 18.9515, 19.3215, 19.6585, 19.9628, 20.2353, 20.4767, 20.6882, 20.8709, 21.026, 21.1547, 21.2584, 21.3383, 21.396, 21.4326, 21.4495, 21.448, 21.4294, 21.3949
2.09692, 2.38577, 2.71049, 3.07285, 3.47412, 3.9149, 4.39509, 4.91383, 5.46952, 6.05979, 6.68159, 7.33127, 8.00465, 8.69717, 9.40398, 10.1201, 10.8404, 11.5599, 12.274, 12.9779, 13.6675, 14.339, 14.9888, 15.614, 16.2121, 16.7808, 17.3185, 17.824, 18.2962, 18.7348, 19.1394, 19.5102, 19.8475, 20.1519, 20.424, 20.6649, 20.8755, 21.0571, 21.2108, 21.338, 21.44, 21.5181, 21.5736, 21.6081, 21.6227, 21.6189, 21.5978, 21.5608
2.13417, 2.4272, 2.75651, 3.12388, 3.53057, 3.97716, 4.46352, 4.98876, 5.55122, 6.14848, 6.77744, 7.43439, 8.11507, 8.81485, 9.52882, 10.2519, 10.979, 11.7051, 12.4253, 13.1351, 13.8302, 14.5067, 15.1611, 15.7905, 16.3922, 16.9641, 17.5046, 18.0124, 18.4866, 18.9266, 19.3323, 19.7038, 20.0414, 20.3457, 20.6175, 20.8577, 21.0674, 21.2478, 21.4001, 21.5256, 21.6258, 21.7019, 21.7554, 21.7875, 21.7998, 21.7935, 21.7698, 21.7302
2.17297, 2.47032, 2.80437, 3.17692, 3.5892, 4.04178, 4.5345, 5.06643, 5.63586, 6.24032, 6.87664, 7.54104, 8.22921, 8.93644, 9.65775, 10.388, 11.1221, 11.8548, 12.5814, 13.2971, 13.9977, 14.6793, 15.3384, 15.972, 16.5774, 17.1526, 17.6959, 18.206, 18.682, 19.1235, 19.5302, 19.9023, 20.2402, 20.5444, 20.8157, 21.0552, 21.2639, 21.443, 21.5939, 21.7177, 21.8159, 21.89, 21.9412, 21.9711, 21.9808, 21.972, 21.9457, 21.9033
2.21342, 2.51523, 2.85419, 3.23208, 3.65013, 4.1089, 4.60817, 5.147, 5.7236, 6.33547, 6.97936, 7.65142, 8.34727, 9.06213, 9.79097, 10.5286, 11.2697, 12.0093, 12.7423, 13.4641, 14.1703, 14.8571, 15.521, 16.1588, 16.768, 17.3465, 17.8925, 18.4049, 18.8828, 19.3257, 19.7334, 20.1061, 20.4441, 20.7481, 21.019, 21.2577, 21.4653, 21.6431, 21.7923, 21.9143, 22.0106, 22.0825, 22.1314, 22.1588, 22.166, 22.1544, 22.1254, 22.0802
2.25562, 2.56205, 2.90608, 3.2895, 3.71351, 4.17866, 4.6847, 5.23063, 5.81462, 6.43411, 7.08577, 7.7657, 8.46944, 9.19214, 9.92868, 10.6738, 11.4222, 12.1687, 12.9083, 13.6363, 14.3483, 15.0404, 15.709, 16.3511, 16.9641, 17.5458, 18.0947, 18.6094, 19.0891, 19.5334, 19.942, 20.3152, 20.6534, 20.9572, 21.2275, 21.4653, 21.6717, 21.8481, 21.9956, 22.1157, 22.2099, 22.2795, 22.326, 22.3508, 22.3554, 22.341, 22.3092, 22.261
2.29968, 2.6109, 2.96018, 3.34931, 3.77948, 4.25121, 4.76423, 5.31749, 5.9091, 6.53642, 7.19609, 7.88411, 8.59595, 9.32668, 10.0711, 10.8239, 11.5797, 12.3333, 13.0797, 13.8139, 14.5318, 15.2292, 15.9027, 16.5491, 17.166, 17.751, 18.3027, 18.8197, 19.3012, 19.7468, 20.1563, 20.53, 20.8683, 21.1718, 21.4414, 21.6782, 21.8834, 22.0582, 22.2039, 22.322, 22.414, 22.4812, 22.5252, 22.5473, 22.5491, 22.5319, 22.4971, 22.4459
2.34573, 2.6619, 3.01661, 3.41165, 3.8482, 4.32673, 4.84696, 5.40777, 6.00723, 6.64263, 7.31053, 8.00686, 8.72701, 9.46599, 10.2185, 10.9792, 11.7426, 12.5035, 13.2566, 13.9973, 14.7211, 15.424, 16.1024, 16.7532, 17.3739, 17.9623, 18.5168, 19.036, 19.5193, 19.9662, 20.3766, 20.7506, 21.0889, 21.392, 21.6609, 21.8967, 22.1005, 22.2736, 22.4174, 22.5335, 22.6231, 22.6878, 22.7291, 22.7485, 22.7474, 22.7272, 22.6893, 22.635
2.39389, 2.7152, 3.07554, 3.47669, 3.91983, 4.4054, 4.93306, 5.50166, 6.10922, 6.75294, 7.42931, 8.13419, 8.86289, 9.61032, 10.3712, 11.1399, 11.9111, 12.6793, 13.4395, 14.1867, 14.9166, 15.625, 16.3083, 16.9636, 17.5882, 18.1799, 18.7371, 19.2587, 19.7437, 20.1918, 20.603, 20.9774, 21.3155, 21.6182, 21.8862, 22.1208, 22.3231, 22.4945, 22.6364, 22.7502, 22.8374, 22.8995, 22.938, 22.9545, 22.9503, 22.927, 22.8859, 22.8284
2.44432, 2.77095, 3.13712, 3.54461, 3.99456, 4.4874, 5.02275, 5.5994, 6.2153, 6.86759, 7.55268, 8.26635, 9.00383, 9.75995, 10.5293, 11.3063, 12.0854, 12.8612, 13.6285, 14.3824, 15.1184, 15.8324, 16.5208, 17.1806, 17.809, 18.4041, 18.9641, 19.4879, 19.9746, 20.4239, 20.8358, 21.2105, 21.5484, 21.8505, 22.1176, 22.3509, 22.5517, 22.7212, 22.8609, 22.9723, 23.057, 23.1164, 23.152, 23.1654, 23.1582, 23.1316, 23.0871, 23.0262
2.49717, 2.82932, 3.20154, 3.61559, 4.07259, 4.57295, 5.11625, 5.7012, 6.32571, 6.98683, 7.68091, 8.40362, 9.15012, 9.91516, 10.6932, 11.4787, 12.2659, 13.0495, 13.824, 14.5847, 15.3269, 16.0466, 16.7401, 17.4044, 18.0368, 18.6352, 19.198, 19.7239, 20.2123, 20.6628, 21.0753, 21.4501, 21.7879, 22.0893, 22.3554, 22.5873, 22.7863, 22.9538, 23.0913, 23.2002, 23.2821, 23.3387, 23.3713, 23.3815, 23.371, 23.341, 23.2931, 23.2287
2.55261, 2.8905, 3.26898, 3.68983, 4.15414, 4.66228, 5.21379, 5.80733, 6.44072, 7.11095, 7.81428, 8.5463, 9.30207, 10.0763, 10.8633, 11.6574, 12.453, 13.2444, 14.0264, 14.7939, 15.5425, 16.2679, 16.9666, 17.6355, 18.2718, 18.8735, 19.439, 19.9672, 20.4572, 20.9087, 21.3218, 21.6967, 22.0341, 22.3347, 22.5996, 22.83, 23.0272, 23.1926, 23.3277, 23.434, 23.5131, 23.5666, 23.596, 23.603, 23.589, 23.5555, 23.504, 23.4359
2.61083, 2.95467, 3.33966, 3.76755, 4.23944, 4.75564, 5.31564, 5.91804, 6.56061, 7.24024, 7.9531, 8.6947, 9.46, 10.2436, 11.0398, 11.8428, 12.6468, 13.4463, 14.2359, 15.0105, 15.7655, 16.4968, 17.2007, 17.8741, 18.5144, 19.1194, 19.6877, 20.2179, 20.7095, 21.162, 21.5755, 21.9504, 22.2873, 22.5871, 22.8507, 23.0795, 23.2747, 23.4378, 23.5703, 23.6739, 23.75, 23.8003, 23.8265, 23.83, 23.8124, 23.7753, 23.72, 23.6481
2.67203, 3.02206, 3.4138, 3.84901, 4.32875, 4.85329, 5.42208, 6.03365, 6.68568, 7.37501, 8.09769, 8.84915, 9.62426, 10.4175, 11.2231, 12.0352, 12.848, 13.6557, 14.4529, 15.2347, 15.9962, 16.7334, 17.4426, 18.1206, 18.7649, 19.3733, 19.9442, 20.4765, 20.9695, 21.423, 21.8369, 22.2117, 22.548, 22.8467, 23.1089, 23.3359, 23.529, 23.6897, 23.8195, 23.9202, 23.9932, 24.0402, 24.0628, 24.0627, 24.0414, 24.0005, 23.9413, 23.8655
2.73644, 3.0929, 3.49166, 3.93446, 4.42234, 4.95553, 5.53341, 6.15447, 6.81629, 7.51561, 8.24843, 9.01004, 9.79523, 10.5984, 11.4137, 12.2351, 13.0567, 13.8728, 14.678, 15.467, 16.2352, 16.9783, 17.6928, 18.3755, 19.0237, 19.6354, 20.2089, 20.7433, 21.2377, 21.692, 22.1062, 22.4807, 22.8163, 23.1139, 23.3746, 23.5996, 23.7904, 23.9485, 24.0755, 24.1731, 24.2428, 24.2863, 24.3053, 24.3014, 24.2762, 24.2313, 24.1681, 24.0881
2.80432, 3.16746, 3.57352, 4.0242, 4.52052, 5.06267, 5.64997, 6.28084, 6.95277, 7.66243, 8.40569, 9.17776, 9.97332, 10.7867, 11.6118, 12.4428, 13.2735, 14.0982, 14.9114, 15.7078, 16.4827, 17.2319, 17.9518, 18.6391, 19.2913, 19.9062, 20.4824, 21.0186, 21.5144, 21.9694, 22.3838, 22.758, 23.0927, 23.389, 23.6479, 23.8709, 24.0592, 24.2146, 24.3386, 24.4329, 24.4991, 24.5389, 24.5541, 24.5462, 24.517, 24.4679, 24.4005, 24.3162
2.87592, 3.24602, 3.65966, 4.11854, 4.62362, 5.17507, 5.77213, 6.41315, 7.09554, 7.81586, 8.56989, 9.35273, 10.159, 10.9828, 11.8181, 12.6588, 13.4989, 14.3324, 15.1537, 15.9576, 16.7393, 17.4947, 18.2199, 18.9119, 19.568, 20.1862, 20.7649, 21.303, 21.8, 22.2556, 22.6701, 23.0438, 23.3775, 23.6723, 23.9294, 24.15, 24.3358, 24.4882, 24.609, 24.6998, 24.7624, 24.7984, 24.8095, 24.7975, 24.764, 24.7106, 24.6388, 24.5501
2.95155, 3.3289, 3.75043, 4.21782, 4.73201, 5.2931, 5.90028, 6.5518, 7.24501, 7.97634, 8.74149, 9.53543, 10.3526, 11.1872, 12.033, 12.8837, 13.7333, 14.5757, 15.4053, 16.2168, 17.0055, 17.7671, 18.4978, 19.1944, 19.8544, 20.4758, 21.057, 21.5969, 22.095, 22.5511, 22.9654, 23.3385, 23.6711, 23.9642, 24.2192, 24.4375, 24.6204, 24.7697, 24.8871, 24.9743, 25.0329, 25.0649, 25.0718, 25.0555, 25.0176, 24.9596, 24.8832, 24.7898
3.03155, 3.41645, 3.84619, 4.32243, 4.84608, 5.41718, 6.03485, 6.69726, 7.40165, 8.14437, 8.92098, 9.72637, 10.5549, 11.4005, 12.257, 13.118, 13.9772, 14.8288, 15.6669, 16.4861, 17.2818, 18.0496, 18.7857, 19.4871, 20.151, 20.7755, 21.3591, 21.9007, 22.3998, 22.8562, 23.2703, 23.6426, 23.9738, 24.2652, 24.5179, 24.7335, 24.9134, 25.0594, 25.1732, 25.2565, 25.3111, 25.3388, 25.3413, 25.3204, 25.2778, 25.2151, 25.1339, 25.0357
3.11628, 3.50905, 3.94734, 4.4328, 4.96628, 5.54777, 6.17632, 6.85001, 7.56597, 8.32046, 9.1089, 9.92608, 10.7662, 11.6232, 12.4906, 13.3621, 14.2314, 15.0922, 15.9389, 16.766, 17.5688, 18.3429, 19.0845, 19.7905, 20.4583, 21.0858, 21.6717, 22.2148, 22.7148, 23.1715, 23.5852, 23.9564, 24.2862, 24.5755, 24.8258, 25.0385, 25.2152, 25.3577, 25.4676, 25.5468, 25.5971, 25.6203, 25.6182, 25.5925, 25.5451, 25.4774, 25.3912, 25.288
3.20614, 3.60712, 4.05433, 4.54937, 5.09308, 5.68537, 6.32521, 7.01059, 7.73854, 8.50518, 9.30585, 10.1352, 10.9873, 11.8559, 12.7346, 13.6169, 14.4963, 15.3666, 16.222, 17.0572, 17.8671, 18.6475, 19.3946, 20.1052, 20.7768, 21.4073, 21.9954, 22.54, 23.0407, 23.4974, 23.9105, 24.2806, 24.6086, 24.8957, 25.1433, 25.3529, 25.5262, 25.6648, 25.7707, 25.8456, 25.8913, 25.9098, 25.9028, 25.8722, 25.8196, 25.7468, 25.6554, 25.5469
3.30161, 3.71114, 4.16764, 4.67268, 5.22702, 5.83053, 6.48209, 7.17959, 7.91995, 8.69916, 9.51245, 10.3543, 11.2187, 12.0994, 12.9896, 13.8829, 14.7726, 15.6526, 16.517, 17.3602, 18.1773, 18.9641, 19.7166, 20.4319, 21.1072, 21.7406, 22.3308, 22.8767, 23.3779, 23.8345, 24.2468, 24.6155, 24.9415, 25.2262, 25.4709, 25.6772, 25.8467, 25.9813, 26.0829, 26.1532, 26.1941, 26.2076, 26.1955, 26.1596, 26.1017, 26.0235, 25.9266, 25.8126
3.40317, 3.82164, 4.28783, 4.80327, 5.36869, 5.98387, 6.6476, 7.35767, 8.11087, 8.90309, 9.7294, 10.5842, 11.4613, 12.3543, 13.2564, 14.1609, 15.0612, 15.9511, 16.8244, 17.6758, 18.5002, 19.2934, 20.0514, 20.7712, 21.4501, 22.0864, 22.6784, 23.2255, 23.7271, 24.1834, 24.5946, 24.9617, 25.2856, 25.5675, 25.809, 26.0117, 26.1773, 26.3076, 26.4045, 26.47, 26.5059, 26.5141, 26.4966, 26.4552, 26.3917, 26.3079, 26.2053, 26.0855
3.5114, 3.93921, 4.4155, 4.94179, 5.51874, 6.14605, 6.82242, 7.54553, 8.31204, 9.11772, 9.95748, 10.8256, 11.7158, 12.6214, 13.5356, 14.4517, 15.3628, 16.2627, 17.1452, 18.0048, 18.8366, 19.6361, 20.3996, 21.1238, 21.8063, 22.4452, 23.0391, 23.5871, 24.0889, 24.5446, 24.9546, 25.3198, 25.6412, 25.9202, 26.1582, 26.357, 26.5183, 26.644, 26.7361, 26.7964, 26.8269, 26.8297, 26.8065, 26.7593, 26.69, 26.6002, 26.4916, 26.3659
3.62693, 4.06448, 4.55133, 5.08894, 5.67789, 6.31783, 7.00733, 7.74397, 8.52427, 9.34386, 10.1975, 11.0794, 11.983, 12.9016, 13.8283, 14.7561, 15.6783, 16.5883, 17.4801, 18.3481, 19.1872, 19.9931, 20.7619, 21.4906, 22.1766, 22.8179, 23.4134, 23.9622, 24.4639, 24.9188, 25.3274, 25.6904, 26.0091, 26.2848, 26.5191, 26.7137, 26.8704, 26.9912, 27.078, 27.1329, 27.1578, 27.1547, 27.1256, 27.0723, 26.9968, 26.9007, 26.7859, 26.654
3.75048, 4.19821, 4.69607, 5.24548, 5.84695, 6.50003, 7.20318, 7.95385, 8.74845, 9.58244, 10.4504, 11.3464, 12.2639, 13.1958, 14.1353, 15.0751, 16.0085, 16.9289, 17.8301, 18.7065, 19.553, 20.3653, 21.1394, 21.8724, 22.5616, 23.2053, 23.8022, 24.3515, 24.853, 25.3068, 25.7135, 26.0741, 26.3898, 26.6619, 26.8921, 27.0821, 27.234, 27.3495, 27.4308, 27.4799, 27.4988, 27.4896, 27.4541, 27.3945, 27.3125, 27.21, 27.0886, 26.9501
3.88283, 4.34121, 4.85058, 5.4123, 6.02682, 6.69356, 7.41091, 8.17616, 8.98556, 9.83444, 10.7173, 11.6279, 12.5595, 13.5052, 14.4577, 15.4098, 16.3546, 17.2855, 18.1962, 19.0811, 19.935, 20.7535, 21.5329, 22.27, 22.9624, 23.6083, 24.2063, 24.7559, 25.2568, 25.7092, 26.1139, 26.4717, 26.7839, 27.0521, 27.2779, 27.4631, 27.6096, 27.7196, 27.795, 27.8379, 27.8505, 27.8348, 27.7927, 27.7263, 27.6375, 27.5282, 27.4, 27.2547
4.0249, 4.49441, 5.0158, 5.59038, 6.21849, 6.89947, 7.63157, 8.41194, 9.2367, 10.101, 10.9991, 11.9248, 12.871, 13.8307, 14.7966, 15.7613, 16.7177, 17.6593, 18.5795, 19.4729, 20.3342, 21.1589, 21.9434, 22.6846, 23.3799, 24.0277, 24.6266, 25.1762, 25.6762, 26.127, 26.5292, 26.8838, 27.1923, 27.4562, 27.6771, 27.857, 27.998, 28.1019, 28.1711, 28.2075, 28.2134, 28.1907, 28.1417, 28.0683, 27.9723, 27.8558, 27.7204, 27.568
4.17771, 4.65886, 5.19281, 5.7808, 6.42309, 7.11889, 7.86633, 8.66241, 9.50307, 10.3833, 11.2972, 12.2384, 13.1997, 14.1738, 15.1533, 16.1307, 17.099, 18.0513, 18.9812, 19.8831, 20.7517, 21.5826, 22.3721, 23.1171, 23.8151, 24.4645, 25.0641, 25.6133, 26.1121, 26.5608, 26.9602, 27.3114, 27.6157, 27.8748, 28.0905, 28.2648, 28.3996, 28.4972, 28.5596, 28.5892, 28.5879, 28.558, 28.5016, 28.4207, 28.3173, 28.1932, 28.0503, 27.8904
4.34243, 4.83575, 5.38282, 5.9848, 6.64187, 7.35312, 8.1165, 8.92888, 9.78603, 10.6827, 11.613, 12.5701, 13.5468, 14.5357, 15.5291, 16.5196, 17.4999, 18.463, 19.4027, 20.313, 21.1888, 22.0258, 22.8201, 23.5686, 24.2691, 24.9199, 25.5198, 26.0684, 26.5655, 27.0118, 27.4079, 27.7551, 28.0549, 28.3088, 28.5188, 28.687, 28.8153, 28.906, 28.9613, 28.9835, 28.9747, 28.9372, 28.873, 28.7842, 28.6729, 28.5409, 28.3901, 28.2223
4.52037, 5.02641, 5.58719, 6.20378, 6.87626, 7.60358, 8.38355, 9.21285, 10.0871, 11.0008, 11.9479, 12.9214, 13.914, 14.9179, 15.9256, 16.9293, 17.9217, 18.8958, 19.8452, 20.7639, 21.647, 22.4898, 23.2886, 24.0406, 24.7432, 25.395, 25.9948, 26.5423, 27.0375, 27.4808, 27.8732, 28.216, 28.5107, 28.759, 28.9628, 29.1244, 29.2457, 29.3291, 29.3768, 29.3912, 29.3744, 29.3287, 29.2563, 29.1592, 29.0396, 28.8993, 28.7402, 28.5642
4.71305, 5.23238, 5.80747, 6.43932, 7.12786, 7.87191, 8.66911, 9.51596, 10.4079, 11.3392, 12.3036, 13.294, 14.3028, 15.3223, 16.3444, 17.3616, 18.3662, 19.3513, 20.3104, 21.2375, 22.1275, 22.976, 23.7792, 24.5342, 25.2387, 25.8911, 26.4904, 27.0364, 27.529, 27.969, 28.3572, 28.6951, 28.9841, 29.2263, 29.4234, 29.5778, 29.6916, 29.7672, 29.8068, 29.8128, 29.7875, 29.7332, 29.6521, 29.5463, 29.4179, 29.2689, 29.1011, 28.9164
4.92221, 5.45541, 6.04545, 6.69321, 7.39849, 8.15994, 8.97505, 9.8401, 10.7503, 11.6998, 12.6821, 13.6899, 14.7153, 15.7505, 16.7874, 17.8182, 18.8352, 19.8313, 20.8, 21.7354, 22.6322, 23.4861, 24.2934, 25.051, 25.7569, 26.4095, 27.0079, 27.5518, 28.0415, 28.4775, 28.861, 29.1933, 29.4762, 29.7116, 29.9015, 30.0482, 30.1539, 30.221, 30.252, 30.2492, 30.2149, 30.1515, 30.0611, 29.9461, 29.8085, 29.6503, 29.4733, 29.2795
5.14984, 5.69751, 6.30314, 6.96748, 7.69019, 8.46975, 9.30344, 10.1874, 11.1165, 12.0848, 13.0855, 14.111, 15.1535, 16.2047, 17.2566, 18.3011, 19.3305, 20.3377, 21.3159, 22.2593, 23.1628, 24.0218, 24.8327, 25.5926, 26.2995, 26.9518, 27.5487, 28.09, 28.5761, 29.0076, 29.3857, 29.7119, 29.988, 30.216, 30.398, 30.5364, 30.6334, 30.6916, 30.7133, 30.701, 30.6571, 30.584, 30.484, 30.3592, 30.2118, 30.0439, 29.8573, 29.654
5.39824, 5.96099, 6.58286, 7.26447, 8.00531, 8.80369, 9.65666, 10.5601, 11.5088, 12.4964, 13.516, 14.5598, 15.6196, 16.6872, 17.7543, 18.8126, 19.8544, 20.8725, 21.8602, 22.8114, 23.7212, 24.5849, 25.3991, 26.1608, 26.8681, 27.5195, 28.1144, 28.6525, 29.1343, 29.5606, 29.9327, 30.2521, 30.5208, 30.7407, 30.9141, 31.0435, 31.1311, 31.1796, 31.1915, 31.1691, 31.115, 31.0317, 30.9213, 30.7862, 30.6285, 30.4504, 30.2537, 30.0404
5.67008, 6.24851, 6.88728, 7.58685, 8.34654, 9.16444, 10.0374, 10.961, 11.9299, 12.9374, 13.9764, 15.0388, 16.1164, 17.2006, 18.2829, 19.3551, 20.4094, 21.4382, 22.4351, 23.3939, 24.3095, 25.1776, 25.9945, 26.7575, 27.4646, 28.1145, 28.7066, 29.2408, 29.7177, 30.1381, 30.5034, 30.8152, 31.0757, 31.2868, 31.4509, 31.5705, 31.6481, 31.6862, 31.6875, 31.6544, 31.5895, 31.4952, 31.3739, 31.2279, 31.0593, 30.8704, 30.6631, 30.4392
5.96847, 6.56317, 7.21948, 7.9377, 8.71695, 9.55508, 10.4487, 11.3932, 12.3828, 13.4108, 14.4696, 15.551, 16.6466, 17.7476, 18.8453, 19.9314, 20.9979, 22.0374, 23.0431, 24.0091, 24.9302, 25.802, 26.6211, 27.3848, 28.091, 28.7387, 29.3273, 29.8568, 30.3279, 30.7415, 31.0992, 31.4027, 31.6541, 31.8556, 32.0096, 32.1187, 32.1854, 32.2124, 32.2023, 32.1578, 32.0813, 31.9754, 31.8425, 31.6849, 31.5049, 31.3046, 31.086, 30.851
6.29705, 6.90857, 7.58304, 8.32057, 9.12006, 9.97912, 10.8941, 11.8601, 12.871, 13.92, 14.999, 16.0998, 17.2136, 18.3315, 19.4447, 20.5446, 21.6231, 22.6729, 23.6872, 24.6598, 25.5858, 26.4608, 27.2814, 28.0449, 28.7495, 29.3942, 29.9784, 30.5023, 30.9667, 31.3728, 31.7219, 32.0162, 32.2576, 32.4486, 32.5916, 32.6893, 32.7443, 32.7593, 32.7371, 32.6803, 32.5915, 32.4732, 32.328, 32.1582, 31.966, 31.7537, 31.5233, 31.2766
6.66007, 7.2889, 7.98211, 8.73958, 9.55996, 10.4406, 11.3775, 12.3656, 13.3985, 14.4688, 15.5685, 16.6889, 17.8211, 18.9559, 20.0844, 21.1979, 22.2883, 23.348, 24.3703, 25.3491, 26.2793, 27.1567, 27.978, 28.7405, 29.4426, 30.0832, 30.6621, 31.1795, 31.6363, 32.0336, 32.3733, 32.6573, 32.8877, 33.0672, 33.1983, 33.2836, 33.326, 33.3281, 33.2929, 33.223, 33.121, 32.9896, 32.8313, 32.6485, 32.4435, 32.2185, 31.9755, 31.7165
7.06257, 7.7091, 8.42154, 9.19951, 10.0414, 10.9442, 11.9037, 12.9144, 13.9696, 15.0617, 16.1823, 17.3226, 18.4732, 19.6249, 20.7685, 21.8954, 22.9971, 24.0663, 25.0959, 26.0801, 27.0138, 27.8928, 28.7138, 29.4743, 30.1728, 30.8084, 31.3809, 31.8907, 32.3386, 32.7262, 33.0553, 33.3278, 33.5463, 33.7132, 33.8312, 33.9032, 33.9319, 33.9202, 33.871, 33.787, 33.671, 33.5256, 33.3534, 33.1568, 32.9382, 32.6997, 32.4435, 32.1715
7.51049, 8.17499, 8.90704, 9.70596, 10.5698, 11.4953, 12.4779, 13.5116, 14.5895, 15.7037, 16.8454, 18.0055, 19.1745, 20.343, 21.5015, 22.6412, 23.7538, 24.8316, 25.8679, 26.8566, 27.7928, 28.6723, 29.492, 30.2495, 30.9432, 31.5726, 32.1374, 32.6382, 33.0762, 33.4528, 33.77, 34.0299, 34.2351, 34.3882, 34.4921, 34.5495, 34.5635, 34.5369, 34.4727, 34.3737, 34.2427, 34.0824, 33.8954, 33.6841, 33.451, 33.1983, 32.9281, 32.6424
8.01092, 8.69346, 9.44532, 10.2655, 11.1517, 12.1003, 13.1062, 14.1633, 15.2642, 16.4006, 17.5635, 18.7434, 19.9305, 21.1153, 22.2882, 23.4402, 24.5629, 25.6486, 26.6906, 27.6828, 28.6203, 29.4992, 30.3163, 31.0693, 31.757, 32.3787, 32.9345, 33.425, 33.8516, 34.2158, 34.5197, 34.7656, 34.9563, 35.0943, 35.1827, 35.2244, 35.2224, 35.1798, 35.0994, 34.9843, 34.8373, 34.661, 34.4582, 34.2314, 33.983, 33.7152, 33.4302, 33.13
8.57237, 9.27272, 10.0444, 10.8859, 11.7946, 12.7664, 13.7959, 14.8766, 16.0005, 17.159, 18.3429, 19.5423, 20.7473, 21.9478, 23.1344, 24.2979, 25.4297, 26.5223, 27.5687, 28.5632, 29.5008, 30.3775, 31.1905, 31.9377, 32.6177, 33.2302, 33.7754, 34.2541, 34.6676, 35.0179, 35.307, 35.5375, 35.7121, 35.8336, 35.9052, 35.9298, 35.9105, 35.8505, 35.7528, 35.6204, 35.4561, 35.2629, 35.0433, 34.7999, 34.5351, 34.2513, 33.9506, 33.6351
9.20504, 9.9226, 10.7136, 11.5763, 12.5074, 13.5024, 14.5554, 15.6594, 16.8062, 17.9867, 19.1912, 20.4096, 21.6316, 22.8472, 24.0465, 25.2204, 26.3602, 27.4583, 28.5078, 29.5029, 30.439, 31.312, 32.1192, 32.8587, 33.5294, 34.1309, 34.6637, 35.1287, 35.5275, 35.862, 36.1347, 36.348, 36.5049, 36.6084, 36.6615, 36.6675, 36.6296, 36.5508, 36.4344, 36.2834, 36.1008, 35.8893, 35.6517, 35.3907, 35.1086, 34.8078, 34.4906, 34.1588
9.92132, 10.6549, 11.4645, 12.3476, 13.3006, 14.3184, 15.3946, 16.5215, 17.6907, 18.8925, 20.1168, 21.3534, 22.5916, 23.8211, 25.0319, 26.2148, 27.361, 28.4629, 29.5138, 30.5079, 31.4405, 32.3078, 33.1073, 33.8371, 34.4963, 35.0848, 35.6032, 36.0525, 36.4346, 36.7515, 37.0058, 37.2001, 37.3375, 37.4211, 37.4542, 37.4399, 37.3817, 37.2827, 37.1462, 36.9752, 36.7727, 36.5418, 36.2851, 36.0052, 35.7047, 35.3859, 35.051, 34.702
10.7363, 11.484, 12.3106, 13.213, 14.1869, 15.2265, 16.3249, 17.474, 18.6646, 19.8867, 21.1299, 22.3834, 23.6363, 24.8782, 26.0989, 27.289, 28.4398, 29.5436, 30.5937, 31.5845, 32.5114, 33.3708, 34.1602, 34.878, 35.5234, 36.0966, 36.5982, 37.0297, 37.3928, 37.6899, 37.9236, 38.0969, 38.2128, 38.2746, 38.2857, 38.2494, 38.1692, 38.0482, 37.89, 37.6975, 37.4738, 37.222, 36.9448, 36.6448, 36.3247, 35.9867, 35.633, 35.2658
11.6684, 12.4273, 13.2686, 14.1882, 15.1812, 16.2411, 17.3603, 18.53, 19.7406, 20.9815, 22.2419, 23.5105, 24.7764, 26.0287, 27.2571, 28.4522, 29.6052, 30.7084, 31.7553, 32.7402, 33.6587, 34.5075, 35.2841, 35.9872, 36.6162, 37.1714, 37.6537, 38.0646, 38.4063, 38.6811, 38.8919, 39.0418, 39.134, 39.1718, 39.1589, 39.0986, 38.9944, 38.8498, 38.668, 38.4523, 38.2059, 37.9316, 37.6325, 37.3111, 36.9699, 36.6115, 36.238, 35.8514
12.7406, 13.5063, 14.3585, 15.2922, 16.3016, 17.3793, 18.517, 19.7052, 20.9336, 22.1911, 23.4663, 24.7478, 26.0241, 27.2842, 28.5176, 29.7148, 30.8671, 31.9668, 33.0073, 33.9832, 34.8903, 35.7253, 36.486, 37.1712, 37.7807, 38.3148, 38.7748, 39.1623, 39.4797, 39.7295, 39.9147, 40.0386, 40.1046, 40.1161, 40.0769, 39.9903, 39.8601, 39.6897, 39.4825, 39.2419, 38.9709, 38.6726, 38.3499, 38.0056, 37.6421, 37.2619, 36.8672, 36.4601
13.9812, 14.7473, 15.6051, 16.5484, 17.5701, 18.662, 19.8148, 21.0182, 22.2612, 23.5322, 24.8192, 26.1102, 27.3936, 28.6581, 29.8932, 31.089, 32.2369, 33.3294, 34.3599, 35.3231, 36.215, 37.0324, 37.7736, 38.4374, 39.0237, 39.5334, 39.9676, 40.3284, 40.6182, 40.8399, 40.9965, 41.0916, 41.1286, 41.1111, 41.043, 40.9278, 40.7692, 40.5709, 40.3362, 40.0685, 39.7711, 39.447, 39.0991, 38.7302, 38.3428, 37.9394, 37.5221, 37.0932
15.4259, 16.1834, 17.039, 17.9851, 19.0133, 20.1141, 21.2772, 22.4913, 23.7445, 25.0246, 26.3191, 27.6155, 28.9017, 30.1663, 31.3985, 32.5885, 33.7277, 34.8085, 35.8245, 36.7705, 37.6428, 38.4384, 39.1557, 39.7938, 40.353, 40.8341, 41.2387, 41.569, 41.8276, 42.0176, 42.1423, 42.2053, 42.2102, 42.1608, 42.061, 41.9144, 41.725, 41.4962, 41.2317, 40.9348, 40.6089, 40.257, 39.882, 39.4867, 39.0738, 38.6456, 38.2043, 37.7522
17.1197, 17.8556, 18.6981, 19.6377, 20.6641, 21.7663, 22.9328, 24.1512, 25.4087, 26.6921, 27.9883, 29.2844, 30.5679, 31.827, 33.0509, 34.2296, 35.3545, 36.4182, 37.4143, 38.3379, 39.1853, 39.954, 40.6423, 41.2499, 41.7771, 42.225, 42.5955, 42.891, 43.1143, 43.2687, 43.3577, 43.3849, 43.3542, 43.2696, 43.1349, 42.954, 42.7308, 42.469, 42.1721, 41.8436, 41.4869, 41.105, 40.7009, 40.2774, 39.8371, 39.3824, 38.9155, 38.4385
19.1201, 19.8162, 20.6302, 21.5499, 22.5628, 23.6561, 24.8166, 26.0305, 27.2839, 28.5628, 29.8532, 31.1416, 32.4152, 33.6618, 34.8704, 36.031, 37.1349, 38.1748, 39.1445, 40.0393, 40.8556, 41.5912, 42.2447, 42.816, 43.3057, 43.7151, 44.0464, 44.3022, 44.4855, 44.5997, 44.6486, 44.6361, 44.5659, 44.4424, 44.2693, 44.0508, 43.7907, 43.4927, 43.1607, 42.798, 42.4079, 41.9937, 41.5583, 41.1044, 40.6348, 40.1517, 39.6574, 39.154
21.5009, 22.1317, 22.8955, 23.7767, 24.7599, 25.8298, 26.9712, 28.1687, 29.407, 30.6708, 31.9454, 33.2167, 34.471, 35.6961, 36.8807, 38.0146, 39.0892, 40.0972, 41.0326, 41.8909, 42.6687, 43.364, 43.9758, 44.5041, 44.9498, 45.3146, 45.6008, 45.8112, 45.9491, 46.0181, 46.0221, 45.9651, 45.8512, 45.6845, 45.4691, 45.2093, 44.9088, 44.5715, 44.2011, 43.8013, 43.3752, 42.926, 42.4568, 41.9703, 41.4691, 40.9557, 40.4321, 39.9005
24.3583, 24.8875, 25.5708, 26.3875, 27.3183, 28.345, 29.4495, 30.6143, 31.8225, 33.0574, 34.3031, 35.5447, 36.7679, 37.9601, 39.1095, 40.2061, 41.2411, 42.2073, 43.0989, 43.9114, 44.6419, 45.2884, 45.8503, 46.3278, 46.7221, 47.0351, 47.2693, 47.4279, 47.5142, 47.5322, 47.4857, 47.3791, 47.2164, 47.0019, 46.74, 46.4346, 46.0898, 45.7095, 45.2975, 44.8572, 44.392, 43.9051, 43.3994, 42.8778, 42.3427, 41.7966, 41.2417, 40.68
27.8183, 28.1949, 28.7549, 29.4707, 30.318, 31.2739, 32.3171, 33.4274, 34.5854, 35.7728, 36.9724, 38.168, 39.3448, 40.4894, 41.5899, 42.6359, 43.6187, 44.5309, 45.367, 46.1227, 46.7952, 47.3828, 47.8851, 48.3025, 48.6367, 48.8895, 49.064, 49.1633, 49.191, 49.1513, 49.0481, 48.8859, 48.6689, 48.4014, 48.0879, 47.7324, 47.339, 46.9116, 46.454, 45.9697, 45.4621, 44.9343, 44.3892, 43.8297, 43.2582, 42.6771, 42.0885, 41.4945
